# Number of cells = 1600
# CFL = 8.000000e-01
# a = 1.000000e+00
# L1 error = 2.629423e-03
# Root mean square error = 5.228718e-03
# Wall time = 4.149100e-02 seconds

VARIABLES = "x" "Numerical_solution" "Exact_solution" "Error"
ZONE I=1600, F=POINT
0.000000e+00 1.116863e-06 7.811489e-07 3.357138e-07
6.250000e-04 1.198265e-06 8.282363e-07 3.700288e-07
1.250000e-03 1.284170e-06 8.780550e-07 4.061149e-07
1.875000e-03 1.374765e-06 9.307566e-07 4.440084e-07
2.500000e-03 1.470248e-06 9.865009e-07 4.837471e-07
3.125000e-03 1.570828e-06 1.045456e-06 5.253720e-07
3.750000e-03 1.676726e-06 1.107800e-06 5.689268e-07
4.375000e-03 1.788177e-06 1.173718e-06 6.144591e-07
5.000000e-03 1.905427e-06 1.243406e-06 6.620211e-07
5.625000e-03 2.028741e-06 1.317071e-06 7.116694e-07
6.250000e-03 2.158397e-06 1.394930e-06 7.634665e-07
6.875000e-03 2.294692e-06 1.477212e-06 8.174803e-07
7.500000e-03 2.437942e-06 1.564156e-06 8.737854e-07
8.125000e-03 2.588479e-06 1.656015e-06 9.324633e-07
8.750000e-03 2.746658e-06 1.753055e-06 9.936027e-07
9.375000e-03 2.912855e-06 1.855555e-06 1.057300e-06
1.000000e-02 3.087467e-06 1.963808e-06 1.123659e-06
1.062500e-02 3.270916e-06 2.078123e-06 1.192793e-06
1.125000e-02 3.463647e-06 2.198824e-06 1.264823e-06
1.187500e-02 3.666131e-06 2.326251e-06 1.339879e-06
1.250000e-02 3.878864e-06 2.460763e-06 1.418101e-06
1.312500e-02 4.102371e-06 2.602735e-06 1.499636e-06
1.375000e-02 4.337205e-06 2.752562e-06 1.584643e-06
1.437500e-02 4.583948e-06 2.910658e-06 1.673290e-06
1.500000e-02 4.843211e-06 3.077459e-06 1.765752e-06
1.562500e-02 5.115639e-06 3.253422e-06 1.862217e-06
1.625000e-02 5.401908e-06 3.439026e-06 1.962882e-06
1.687500e-02 5.702728e-06 3.634775e-06 2.067953e-06
1.750000e-02 6.018843e-06 3.841197e-06 2.177647e-06
1.812500e-02 6.351036e-06 4.058846e-06 2.292190e-06
1.875000e-02 6.700125e-06 4.288304e-06 2.411820e-06
1.937500e-02 7.066966e-06 4.530182e-06 2.536784e-06
2.000000e-02 7.452458e-06 4.785117e-06 2.667340e-06
2.062500e-02 7.857540e-06 5.053783e-06 2.803757e-06
2.125000e-02 8.283195e-06 5.336881e-06 2.946314e-06
2.187500e-02 8.730451e-06 5.635150e-06 3.095301e-06
2.250000e-02 9.200382e-06 5.949362e-06 3.251020e-06
2.312500e-02 9.694112e-06 6.280328e-06 3.413785e-06
2.375000e-02 1.021282e-05 6.628896e-06 3.583919e-06
2.437500e-02 1.075772e-05 6.995956e-06 3.761762e-06
2.500000e-02 1.133010e-05 7.382441e-06 3.947662e-06
2.562500e-02 1.193131e-05 7.789325e-06 4.141982e-06
2.625000e-02 1.256273e-05 8.217632e-06 4.345097e-06
2.687500e-02 1.322583e-05 8.668431e-06 4.557396e-06
2.750000e-02 1.392213e-05 9.142844e-06 4.779285e-06
2.812500e-02 1.465322e-05 9.642044e-06 5.011179e-06
2.875000e-02 1.542077e-05 1.016726e-05 5.253514e-06
2.937500e-02 1.622651e-05 1.071977e-05 5.506736e-06
3.000000e-02 1.707225e-05 1.130094e-05 5.771313e-06
3.062500e-02 1.795987e-05 1.191215e-05 6.047724e-06
3.125000e-02 1.889136e-05 1.255489e-05 6.336470e-06
3.187500e-02 1.986876e-05 1.323069e-05 6.638068e-06
3.250000e-02 2.089422e-05 1.394117e-05 6.953052e-06
3.312500e-02 2.196999e-05 1.468801e-05 7.281979e-06
3.375000e-02 2.309839e-05 1.547297e-05 7.625422e-06
3.437500e-02 2.428186e-05 1.629789e-05 7.983978e-06
3.500000e-02 2.552295e-05 1.716469e-05 8.358263e-06
3.562500e-02 2.682430e-05 1.807539e-05 8.748915e-06
3.625000e-02 2.818867e-05 1.903208e-05 9.156596e-06
3.687500e-02 2.961895e-05 2.003696e-05 9.581992e-06
3.750000e-02 3.111813e-05 2.109232e-05 1.002581e-05
3.812500e-02 3.268935e-05 2.220056e-05 1.048879e-05
3.875000e-02 3.433585e-05 2.336418e-05 1.097168e-05
3.937500e-02 3.606106e-05 2.458578e-05 1.147528e-05
4.000000e-02 3.786849e-05 2.586810e-05 1.200039e-05
4.062500e-02 3.976184e-05 2.721398e-05 1.254786e-05
4.125000e-02 4.174495e-05 2.862639e-05 1.311857e-05
4.187500e-02 4.382183e-05 3.010842e-05 1.371340e-05
4.250000e-02 4.599663e-05 3.166332e-05 1.433331e-05
4.312500e-02 4.827369e-05 3.329446e-05 1.497924e-05
4.375000e-02 5.065754e-05 3.500535e-05 1.565219e-05
4.437500e-02 5.315286e-05 3.679966e-05 1.635320e-05
4.500000e-02 5.576455e-05 3.868122e-05 1.708333e-05
4.562500e-02 5.849770e-05 4.065403e-05 1.784367e-05
4.625000e-02 6.135761e-05 4.272224e-05 1.863537e-05
4.687500e-02 6.434979e-05 4.489018e-05 1.945961e-05
4.750000e-02 6.747996e-05 4.716238e-05 2.031758e-05
4.812500e-02 7.075409e-05 4.954354e-05 2.121055e-05
4.875000e-02 7.417837e-05 5.203857e-05 2.213980e-05
4.937500e-02 7.775925e-05 5.465258e-05 2.310667e-05
5.000000e-02 8.150343e-05 5.739089e-05 2.411254e-05
5.062500e-02 8.541787e-05 6.025904e-05 2.515883e-05
5.125000e-02 8.950981e-05 6.326281e-05 2.624700e-05
5.187500e-02 9.378677e-05 6.640820e-05 2.737856e-05
5.250000e-02 9.825655e-05 6.970148e-05 2.855507e-05
5.312500e-02 1.029273e-04 7.314914e-05 2.977815e-05
5.375000e-02 1.078074e-04 7.675796e-05 3.104943e-05
5.437500e-02 1.129056e-04 8.053499e-05 3.237063e-05
5.500000e-02 1.182311e-04 8.448756e-05 3.374351e-05
5.562500e-02 1.237932e-04 8.862330e-05 3.516988e-05
5.625000e-02 1.296018e-04 9.295015e-05 3.665161e-05
5.687500e-02 1.356669e-04 9.747634e-05 3.819061e-05
5.750000e-02 1.419993e-04 1.022105e-04 3.978886e-05
5.812500e-02 1.486098e-04 1.071614e-04 4.144840e-05
5.875000e-02 1.555098e-04 1.123385e-04 4.317132e-05
5.937500e-02 1.627111e-04 1.177513e-04 4.495978e-05
6.000000e-02 1.702258e-04 1.234098e-04 4.681599e-05
6.062500e-02 1.780667e-04 1.293245e-04 4.874224e-05
6.125000e-02 1.862469e-04 1.355061e-04 5.074086e-05
6.187500e-02 1.947801e-04 1.419658e-04 5.281427e-05
6.250000e-02 2.036803e-04 1.487153e-04 5.496494e-05
6.312500e-02 2.129622e-04 1.557667e-04 5.719542e-05
6.375000e-02 2.226409e-04 1.631326e-04 5.950832e-05
6.437500e-02 2.327322e-04 1.708259e-04 6.190633e-05
6.500000e-02 2.432524e-04 1.788602e-04 6.439220e-05
6.562500e-02 2.542182e-04 1.872495e-04 6.696876e-05
6.625000e-02 2.656472e-04 1.960083e-04 6.963892e-05
6.687500e-02 2.775575e-04 2.051518e-04 7.240566e-05
6.750000e-02 2.899677e-04 2.146957e-04 7.527204e-05
6.812500e-02 3.028973e-04 2.246561e-04 7.824119e-05
6.875000e-02 3.163662e-04 2.350499e-04 8.131634e-05
6.937500e-02 3.303953e-04 2.458945e-04 8.450077e-05
7.000000e-02 3.450060e-04 2.572081e-04 8.779788e-05
7.062500e-02 3.602205e-04 2.690094e-04 9.121112e-05
7.125000e-02 3.760619e-04 2.813178e-04 9.474404e-05
7.187500e-02 3.925538e-04 2.941535e-04 9.840028e-05
7.250000e-02 4.097209e-04 3.075373e-04 1.021836e-04
7.312500e-02 4.275885e-04 3.214908e-04 1.060977e-04
7.375000e-02 4.461830e-04 3.360364e-04 1.101466e-04
7.437500e-02 4.655314e-04 3.511972e-04 1.143342e-04
7.500000e-02 4.856619e-04 3.669972e-04 1.186647e-04
7.562500e-02 5.066034e-04 3.834613e-04 1.231421e-04
7.625000e-02 5.283858e-04 4.006150e-04 1.277708e-04
7.687500e-02 5.510402e-04 4.184850e-04 1.325552e-04
7.750000e-02 5.745984e-04 4.370987e-04 1.374997e-04
7.812500e-02 5.990934e-04 4.564846e-04 1.426088e-04
7.875000e-02 6.245593e-04 4.766721e-04 1.478872e-04
7.937500e-02 6.510314e-04 4.976917e-04 1.533397e-04
8.000000e-02 6.785458e-04 5.195747e-04 1.589711e-04
8.062500e-02 7.071400e-04 5.423536e-04 1.647864e-04
8.125000e-02 7.368527e-04 5.660622e-04 1.707906e-04
8.187500e-02 7.677238e-04 5.907350e-04 1.769888e-04
8.250000e-02 7.997944e-04 6.164079e-04 1.833864e-04
8.312500e-02 8.331069e-04 6.431181e-04 1.899887e-04
8.375000e-02 8.677050e-04 6.709038e-04 1.968012e-04
8.437500e-02 9.036339e-04 6.998046e-04 2.038293e-04
8.500000e-02 9.409400e-04 7.298611e-04 2.110789e-04
8.562500e-02 9.796714e-04 7.611158e-04 2.185556e-04
8.625000e-02 1.019877e-03 7.936119e-04 2.262654e-04
8.687500e-02 1.061609e-03 8.273945e-04 2.342141e-04
8.750000e-02 1.104918e-03 8.625098e-04 2.424080e-04
8.812500e-02 1.149859e-03 8.990057e-04 2.508531e-04
8.875000e-02 1.196487e-03 9.369315e-04 2.595558e-04
8.937500e-02 1.244861e-03 9.763381e-04 2.685225e-04
9.000000e-02 1.295038e-03 1.017278e-03 2.777597e-04
9.062500e-02 1.347079e-03 1.059805e-03 2.872739e-04
9.125000e-02 1.401047e-03 1.103975e-03 2.970719e-04
9.187500e-02 1.457006e-03 1.149846e-03 3.071604e-04
9.250000e-02 1.515023e-03 1.197476e-03 3.175464e-04
9.312500e-02 1.575164e-03 1.246927e-03 3.282369e-04
9.375000e-02 1.637501e-03 1.298262e-03 3.392389e-04
9.437500e-02 1.702105e-03 1.351546e-03 3.505597e-04
9.500000e-02 1.769051e-03 1.406844e-03 3.622066e-04
9.562500e-02 1.838413e-03 1.464226e-03 3.741868e-04
9.625000e-02 1.910271e-03 1.523763e-03 3.865080e-04
9.687500e-02 1.984705e-03 1.585527e-03 3.991776e-04
9.750000e-02 2.061797e-03 1.649593e-03 4.122034e-04
9.812500e-02 2.141632e-03 1.716039e-03 4.255930e-04
9.875000e-02 2.224297e-03 1.784942e-03 4.393543e-04
9.937500e-02 2.309881e-03 1.856386e-03 4.534952e-04
1.000000e-01 2.398478e-03 1.930454e-03 4.680236e-04
1.006250e-01 2.490180e-03 2.007232e-03 4.829477e-04
1.012500e-01 2.585085e-03 2.086809e-03 4.982756e-04
1.018750e-01 2.683291e-03 2.169276e-03 5.140154e-04
1.025000e-01 2.784902e-03 2.254727e-03 5.301755e-04
1.031250e-01 2.890021e-03 2.343257e-03 5.467641e-04
1.037500e-01 2.998756e-03 2.434967e-03 5.637897e-04
1.043750e-01 3.111217e-03 2.529956e-03 5.812608e-04
1.050000e-01 3.227517e-03 2.628331e-03 5.991857e-04
1.056250e-01 3.347771e-03 2.730197e-03 6.175732e-04
1.062500e-01 3.472097e-03 2.835666e-03 6.364316e-04
1.068750e-01 3.600619e-03 2.944849e-03 6.557698e-04
1.075000e-01 3.733459e-03 3.057863e-03 6.755964e-04
1.081250e-01 3.870746e-03 3.174826e-03 6.959200e-04
1.087500e-01 4.012610e-03 3.295861e-03 7.167494e-04
1.093750e-01 4.159185e-03 3.421092e-03 7.380932e-04
1.100000e-01 4.310609e-03 3.550649e-03 7.599604e-04
1.106250e-01 4.467021e-03 3.684661e-03 7.823595e-04
1.112500e-01 4.628565e-03 3.823265e-03 8.052994e-04
1.118750e-01 4.795388e-03 3.966599e-03 8.287888e-04
1.125000e-01 4.967641e-03 4.114804e-03 8.528365e-04
1.131250e-01 5.145476e-03 4.268025e-03 8.774511e-04
1.137500e-01 5.329053e-03 4.426412e-03 9.026414e-04
1.143750e-01 5.518531e-03 4.590115e-03 9.284159e-04
1.150000e-01 5.714076e-03 4.759293e-03 9.547834e-04
1.156250e-01 5.915855e-03 4.934103e-03 9.817524e-04
1.162500e-01 6.124040e-03 5.114709e-03 1.009331e-03
1.168750e-01 6.338808e-03 5.301279e-03 1.037529e-03
1.175000e-01 6.560337e-03 5.493984e-03 1.066353e-03
1.181250e-01 6.788811e-03 5.692999e-03 1.095812e-03
1.187500e-01 7.024418e-03 5.898503e-03 1.125914e-03
1.193750e-01 7.267348e-03 6.110680e-03 1.156668e-03
1.200000e-01 7.517797e-03 6.329715e-03 1.188081e-03
1.206250e-01 7.775964e-03 6.555802e-03 1.220162e-03
1.212500e-01 8.042052e-03 6.789136e-03 1.252917e-03
1.218750e-01 8.316270e-03 7.029916e-03 1.286354e-03
1.225000e-01 8.598829e-03 7.278347e-03 1.320482e-03
1.231250e-01 8.889944e-03 7.534637e-03 1.355307e-03
1.237500e-01 9.189836e-03 7.799000e-03 1.390836e-03
1.243750e-01 9.498729e-03 8.071653e-03 1.427076e-03
1.250000e-01 9.816853e-03 8.352819e-03 1.464034e-03
1.256250e-01 1.014444e-02 8.642723e-03 1.501717e-03
1.262500e-01 1.048173e-02 8.941597e-03 1.540130e-03
1.268750e-01 1.082896e-02 9.249678e-03 1.579280e-03
1.275000e-01 1.118638e-02 9.567206e-03 1.619173e-03
1.281250e-01 1.155424e-02 9.894426e-03 1.659813e-03
1.287500e-01 1.193280e-02 1.023159e-02 1.701208e-03
1.293750e-01 1.232231e-02 1.057895e-02 1.743360e-03
1.300000e-01 1.272304e-02 1.093677e-02 1.786276e-03
1.306250e-01 1.313527e-02 1.130531e-02 1.829960e-03
1.312500e-01 1.355926e-02 1.168484e-02 1.874415e-03
1.318750e-01 1.399529e-02 1.207564e-02 1.919645e-03
1.325000e-01 1.444364e-02 1.247799e-02 1.965655e-03
1.331250e-01 1.490461e-02 1.289217e-02 2.012446e-03
1.337500e-01 1.537849e-02 1.331847e-02 2.060021e-03
1.343750e-01 1.586557e-02 1.375719e-02 2.108384e-03
1.350000e-01 1.636616e-02 1.420862e-02 2.157535e-03
1.356250e-01 1.688056e-02 1.467308e-02 2.207477e-03
1.362500e-01 1.740908e-02 1.515087e-02 2.258209e-03
1.368750e-01 1.795204e-02 1.564231e-02 2.309733e-03
1.375000e-01 1.850977e-02 1.614772e-02 2.362049e-03
1.381250e-01 1.908258e-02 1.666742e-02 2.415157e-03
1.387500e-01 1.967081e-02 1.720175e-02 2.469055e-03
1.393750e-01 2.027478e-02 1.775104e-02 2.523742e-03
1.400000e-01 2.089486e-02 1.831564e-02 2.579217e-03
1.406250e-01 2.153136e-02 1.889589e-02 2.635477e-03
1.412500e-01 2.218465e-02 1.949214e-02 2.692518e-03
1.418750e-01 2.285508e-02 2.010475e-02 2.750338e-03
1.425000e-01 2.354301e-02 2.073408e-02 2.808932e-03
1.431250e-01 2.424880e-02 2.138050e-02 2.868295e-03
1.437500e-01 2.497281e-02 2.204439e-02 2.928423e-03
1.443750e-01 2.571542e-02 2.272611e-02 2.989309e-03
1.450000e-01 2.647701e-02 2.342606e-02 3.050946e-03
1.456250e-01 2.725794e-02 2.414462e-02 3.113328e-03
1.462500e-01 2.805862e-02 2.488218e-02 3.176446e-03
1.468750e-01 2.887943e-02 2.563914e-02 3.240292e-03
1.475000e-01 2.972076e-02 2.641590e-02 3.304856e-03
1.481250e-01 3.058301e-02 2.721288e-02 3.370128e-03
1.487500e-01 3.146658e-02 2.803048e-02 3.436098e-03
1.493750e-01 3.237187e-02 2.886912e-02 3.502754e-03
1.500000e-01 3.329930e-02 2.972922e-02 3.570084e-03
1.506250e-01 3.424928e-02 3.061121e-02 3.638075e-03
1.512500e-01 3.522223e-02 3.151551e-02 3.706713e-03
1.518750e-01 3.621856e-02 3.244257e-02 3.775983e-03
1.525000e-01 3.723870e-02 3.339283e-02 3.845869e-03
1.531250e-01 3.828308e-02 3.436672e-02 3.916357e-03
1.537500e-01 3.935213e-02 3.536470e-02 3.987428e-03
1.543750e-01 4.044629e-02 3.638722e-02 4.059065e-03
1.550000e-01 4.156598e-02 3.743474e-02 4.131249e-03
1.556250e-01 4.271166e-02 3.850770e-02 4.203960e-03
1.562500e-01 4.388377e-02 3.960659e-02 4.277178e-03
1.568750e-01 4.508274e-02 4.073186e-02 4.350882e-03
1.575000e-01 4.630904e-02 4.188399e-02 4.425049e-03
1.581250e-01 4.756311e-02 4.306345e-02 4.499656e-03
1.587500e-01 4.884540e-02 4.427073e-02 4.574679e-03
1.593750e-01 5.015638e-02 4.550629e-02 4.650093e-03
1.600000e-01 5.149649e-02 4.677062e-02 4.725872e-03
1.606250e-01 5.286621e-02 4.806422e-02 4.801989e-03
1.612500e-01 5.426598e-02 4.938756e-02 4.878417e-03
1.618750e-01 5.569628e-02 5.074115e-02 4.955127e-03
1.625000e-01 5.715756e-02 5.212547e-02 5.032089e-03
1.631250e-01 5.865030e-02 5.354102e-02 5.109272e-03
1.637500e-01 6.017495e-02 5.498830e-02 5.186645e-03
1.643750e-01 6.173199e-02 5.646781e-02 5.264176e-03
1.650000e-01 6.332188e-02 5.798005e-02 5.341831e-03
1.656250e-01 6.494510e-02 5.952552e-02 5.419575e-03
1.662500e-01 6.660210e-02 6.110473e-02 5.497374e-03
1.668750e-01 6.829337e-02 6.271817e-02 5.575191e-03
1.675000e-01 7.001935e-02 6.436637e-02 5.652988e-03
1.681250e-01 7.178053e-02 6.604981e-02 5.730728e-03
1.687500e-01 7.357737e-02 6.776900e-02 5.808370e-03
1.693750e-01 7.541034e-02 6.952446e-02 5.885876e-03
1.700000e-01 7.727989e-02 7.131668e-02 5.963205e-03
1.706250e-01 7.918649e-02 7.314618e-02 6.040313e-03
1.712500e-01 8.113060e-02 7.501345e-02 6.117158e-03
1.718750e-01 8.311269e-02 7.691899e-02 6.193696e-03
1.725000e-01 8.513320e-02 7.886332e-02 6.269884e-03
1.731250e-01 8.719260e-02 8.084692e-02 6.345674e-03
1.737500e-01 8.929132e-02 8.287030e-02 6.421020e-03
1.743750e-01 9.142983e-02 8.493395e-02 6.495876e-03
1.750000e-01 9.360856e-02 8.703837e-02 6.570192e-03
1.756250e-01 9.582796e-02 8.918404e-02 6.643920e-03
1.762500e-01 9.808845e-02 9.137145e-02 6.717010e-03
1.768750e-01 1.003905e-01 9.360108e-02 6.789410e-03
1.775000e-01 1.027345e-01 9.587341e-02 6.861070e-03
1.781250e-01 1.051209e-01 9.818893e-02 6.931937e-03
1.787500e-01 1.075500e-01 1.005481e-01 7.001958e-03
1.793750e-01 1.100224e-01 1.029514e-01 7.071079e-03
1.800000e-01 1.125385e-01 1.053992e-01 7.139245e-03
1.806250e-01 1.150985e-01 1.078921e-01 7.206402e-03
1.812500e-01 1.177030e-01 1.104305e-01 7.272493e-03
1.818750e-01 1.203522e-01 1.130148e-01 7.337461e-03
1.825000e-01 1.230467e-01 1.156454e-01 7.401251e-03
1.831250e-01 1.257867e-01 1.183228e-01 7.463802e-03
1.837500e-01 1.285726e-01 1.210475e-01 7.525059e-03
1.843750e-01 1.314047e-01 1.238198e-01 7.584960e-03
1.850000e-01 1.342835e-01 1.266401e-01 7.643448e-03
1.856250e-01 1.372093e-01 1.295088e-01 7.700462e-03
1.862500e-01 1.401823e-01 1.324264e-01 7.755942e-03
1.868750e-01 1.432029e-01 1.353931e-01 7.809827e-03
1.875000e-01 1.462715e-01 1.384094e-01 7.862056e-03
1.881250e-01 1.493882e-01 1.414757e-01 7.912567e-03
1.887500e-01 1.525535e-01 1.445922e-01 7.961299e-03
1.893750e-01 1.557675e-01 1.477593e-01 8.008190e-03
1.900000e-01 1.590306e-01 1.509774e-01 8.053178e-03
1.906250e-01 1.623430e-01 1.542468e-01 8.096200e-03
1.912500e-01 1.657048e-01 1.575676e-01 8.137193e-03
1.918750e-01 1.691165e-01 1.609404e-01 8.176096e-03
1.925000e-01 1.725781e-01 1.643653e-01 8.212844e-03
1.931250e-01 1.760899e-01 1.678425e-01 8.247377e-03
1.937500e-01 1.796521e-01 1.713725e-01 8.279630e-03
1.943750e-01 1.832648e-01 1.749552e-01 8.309542e-03
1.950000e-01 1.869282e-01 1.785911e-01 8.337050e-03
1.956250e-01 1.906424e-01 1.822803e-01 8.362092e-03
1.962500e-01 1.944076e-01 1.860230e-01 8.384605e-03
1.968750e-01 1.982239e-01 1.898194e-01 8.404528e-03
1.975000e-01 2.020914e-01 1.936696e-01 8.421800e-03
1.981250e-01 2.060102e-01 1.975738e-01 8.436359e-03
1.987500e-01 2.099802e-01 2.015321e-01 8.448145e-03
1.993750e-01 2.140017e-01 2.055446e-01 8.457097e-03
2.000000e-01 2.180745e-01 2.096114e-01 8.463156e-03
2.006250e-01 2.221988e-01 2.137326e-01 8.466264e-03
2.012500e-01 2.263745e-01 2.179081e-01 8.466361e-03
2.018750e-01 2.306016e-01 2.221382e-01 8.463390e-03
2.025000e-01 2.348800e-01 2.264227e-01 8.457294e-03
2.031250e-01 2.392097e-01 2.307617e-01 8.448017e-03
2.037500e-01 2.435907e-01 2.351552e-01 8.435503e-03
2.043750e-01 2.480227e-01 2.396030e-01 8.419699e-03
2.050000e-01 2.525057e-01 2.441051e-01 8.400551e-03
2.056250e-01 2.570395e-01 2.486615e-01 8.378006e-03
2.062500e-01 2.616241e-01 2.532721e-01 8.352014e-03
2.068750e-01 2.662591e-01 2.579366e-01 8.322524e-03
2.075000e-01 2.709444e-01 2.626550e-01 8.289487e-03
2.081250e-01 2.756798e-01 2.674270e-01 8.252857e-03
2.087500e-01 2.804651e-01 2.722525e-01 8.212586e-03
2.093750e-01 2.852999e-01 2.771312e-01 8.168629e-03
2.100000e-01 2.901839e-01 2.820630e-01 8.120944e-03
2.106250e-01 2.951169e-01 2.870474e-01 8.069488e-03
2.112500e-01 3.000985e-01 2.920843e-01 8.014221e-03
2.118750e-01 3.051284e-01 2.971733e-01 7.955103e-03
2.125000e-01 3.102061e-01 3.023140e-01 7.892099e-03
2.131250e-01 3.153313e-01 3.075061e-01 7.825171e-03
2.137500e-01 3.205035e-01 3.127493e-01 7.754287e-03
2.143750e-01 3.257224e-01 3.180429e-01 7.679415e-03
2.150000e-01 3.309873e-01 3.233868e-01 7.600525e-03
2.156250e-01 3.362978e-01 3.287802e-01 7.517588e-03
2.162500e-01 3.416534e-01 3.342229e-01 7.430579e-03
2.168750e-01 3.470536e-01 3.397141e-01 7.339473e-03
2.175000e-01 3.524977e-01 3.452534e-01 7.244249e-03
2.181250e-01 3.579851e-01 3.508402e-01 7.144887e-03
2.187500e-01 3.635153e-01 3.564739e-01 7.041368e-03
2.193750e-01 3.690876e-01 3.621539e-01 6.933679e-03
2.200000e-01 3.747012e-01 3.678794e-01 6.821805e-03
2.206250e-01 3.803556e-01 3.736499e-01 6.705735e-03
2.212500e-01 3.860500e-01 3.794645e-01 6.585462e-03
2.218750e-01 3.917836e-01 3.853226e-01 6.460980e-03
2.225000e-01 3.975557e-01 3.912234e-01 6.332283e-03
2.231250e-01 4.033654e-01 3.971660e-01 6.199373e-03
2.237500e-01 4.092120e-01 4.031497e-01 6.062249e-03
2.243750e-01 4.150945e-01 4.091736e-01 5.920916e-03
2.250000e-01 4.210122e-01 4.152368e-01 5.775380e-03
2.256250e-01 4.269641e-01 4.213385e-01 5.625651e-03
2.262500e-01 4.329493e-01 4.274775e-01 5.471741e-03
2.268750e-01 4.389668e-01 4.336532e-01 5.313664e-03
2.275000e-01 4.450157e-01 4.398643e-01 5.151437e-03
2.281250e-01 4.510950e-01 4.461099e-01 4.985080e-03
2.287500e-01 4.572036e-01 4.523890e-01 4.814617e-03
2.293750e-01 4.633405e-01 4.587004e-01 4.640072e-03
2.300000e-01 4.695047e-01 4.650432e-01 4.461474e-03
2.306250e-01 4.756949e-01 4.714161e-01 4.278855e-03
2.312500e-01 4.819102e-01 4.778180e-01 4.092248e-03
2.318750e-01 4.881494e-01 4.842477e-01 3.901690e-03
2.325000e-01 4.944113e-01 4.907041e-01 3.707222e-03
2.331250e-01 5.006947e-01 4.971858e-01 3.508885e-03
2.337500e-01 5.069984e-01 5.036916e-01 3.306726e-03
2.343750e-01 5.133211e-01 5.102203e-01 3.100792e-03
2.350000e-01 5.196617e-01 5.167706e-01 2.891136e-03
2.356250e-01 5.260188e-01 5.233410e-01 2.677811e-03
2.362500e-01 5.323912e-01 5.299303e-01 2.460875e-03
2.368750e-01 5.387775e-01 5.365371e-01 2.240387e-03
2.375000e-01 5.451763e-01 5.431599e-01 2.016410e-03
2.381250e-01 5.515863e-01 5.497973e-01 1.789011e-03
2.387500e-01 5.580062e-01 5.564480e-01 1.558257e-03
2.393750e-01 5.644345e-01 5.631103e-01 1.324221e-03
2.400000e-01 5.708698e-01 5.697828e-01 1.086976e-03
2.406250e-01 5.773107e-01 5.764641e-01 8.466000e-04
2.412500e-01 5.837556e-01 5.831524e-01 6.031720e-04
2.418750e-01 5.902032e-01 5.898464e-01 3.567751e-04
2.425000e-01 5.966519e-01 5.965444e-01 1.074944e-04
2.431250e-01 6.031003e-01 6.032448e-01 -1.445820e-04
2.437500e-01 6.095467e-01 6.099461e-01 -3.993635e-04
2.443750e-01 6.159897e-01 6.166464e-01 -6.567568e-04
2.450000e-01 6.224276e-01 6.233443e-01 -9.166661e-04
2.456250e-01 6.288590e-01 6.300380e-01 -1.178993e-03
2.462500e-01 6.352823e-01 6.367259e-01 -1.443636e-03
2.468750e-01 6.416957e-01 6.434062e-01 -1.710493e-03
2.475000e-01 6.480978e-01 6.500773e-01 -1.979457e-03
2.481250e-01 6.544869e-01 6.567373e-01 -2.250421e-03
2.487500e-01 6.608613e-01 6.633846e-01 -2.523274e-03
2.493750e-01 6.672195e-01 6.700174e-01 -2.797903e-03
2.500000e-01 6.735597e-01 6.766338e-01 -3.074194e-03
2.506250e-01 6.798802e-01 6.832323e-01 -3.352030e-03
2.512500e-01 6.861795e-01 6.898108e-01 -3.631291e-03
2.518750e-01 6.924559e-01 6.963677e-01 -3.911857e-03
2.525000e-01 6.987075e-01 7.029011e-01 -4.193605e-03
2.531250e-01 7.049328e-01 7.094092e-01 -4.476411e-03
2.537500e-01 7.111300e-01 7.158902e-01 -4.760146e-03
2.543750e-01 7.172975e-01 7.223422e-01 -5.044685e-03
2.550000e-01 7.234334e-01 7.287633e-01 -5.329896e-03
2.556250e-01 7.295362e-01 7.351518e-01 -5.615648e-03
2.562500e-01 7.356040e-01 7.415058e-01 -5.901809e-03
2.568750e-01 7.416352e-01 7.478234e-01 -6.188244e-03
2.575000e-01 7.476280e-01 7.541028e-01 -6.474818e-03
2.581250e-01 7.535807e-01 7.603421e-01 -6.761394e-03
2.587500e-01 7.594916e-01 7.665394e-01 -7.047834e-03
2.593750e-01 7.653589e-01 7.726929e-01 -7.334000e-03
2.600000e-01 7.711810e-01 7.788008e-01 -7.619751e-03
2.606250e-01 7.769561e-01 7.848611e-01 -7.904947e-03
2.612500e-01 7.826826e-01 7.908720e-01 -8.189447e-03
2.618750e-01 7.883586e-01 7.968317e-01 -8.473109e-03
2.625000e-01 7.939825e-01 8.027383e-01 -8.755789e-03
2.631250e-01 7.995526e-01 8.085899e-01 -9.037346e-03
2.637500e-01 8.050672e-01 8.143848e-01 -9.317635e-03
2.643750e-01 8.105246e-01 8.201211e-01 -9.596513e-03
2.650000e-01 8.159232e-01 8.257970e-01 -9.873837e-03
2.656250e-01 8.212613e-01 8.314107e-01 -1.014946e-02
2.662500e-01 8.265372e-01 8.369604e-01 -1.042324e-02
2.668750e-01 8.317492e-01 8.424443e-01 -1.069504e-02
2.675000e-01 8.368959e-01 8.478606e-01 -1.096471e-02
2.681250e-01 8.419754e-01 8.532076e-01 -1.123210e-02
2.687500e-01 8.469864e-01 8.584834e-01 -1.149708e-02
2.693750e-01 8.519270e-01 8.636865e-01 -1.175951e-02
2.700000e-01 8.567958e-01 8.688151e-01 -1.201923e-02
2.706250e-01 8.615913e-01 8.738674e-01 -1.227612e-02
2.712500e-01 8.663118e-01 8.788418e-01 -1.253003e-02
2.718750e-01 8.709558e-01 8.837366e-01 -1.278082e-02
2.725000e-01 8.755219e-01 8.885503e-01 -1.302836e-02
2.731250e-01 8.800086e-01 8.932811e-01 -1.327251e-02
2.737500e-01 8.844143e-01 8.979274e-01 -1.351313e-02
2.743750e-01 8.887377e-01 9.024878e-01 -1.375010e-02
2.750000e-01 8.929773e-01 9.069606e-01 -1.398327e-02
2.756250e-01 8.971318e-01 9.113443e-01 -1.421253e-02
2.762500e-01 9.011997e-01 9.156375e-01 -1.443773e-02
2.768750e-01 9.051798e-01 9.198385e-01 -1.465876e-02
2.775000e-01 9.090706e-01 9.239461e-01 -1.487548e-02
2.781250e-01 9.128709e-01 9.279587e-01 -1.508779e-02
2.787500e-01 9.165794e-01 9.318750e-01 -1.529555e-02
2.793750e-01 9.201949e-01 9.356935e-01 -1.549864e-02
2.800000e-01 9.237161e-01 9.394131e-01 -1.569696e-02
2.806250e-01 9.271419e-01 9.430323e-01 -1.589038e-02
2.812500e-01 9.304711e-01 9.465499e-01 -1.607880e-02
2.818750e-01 9.337025e-01 9.499646e-01 -1.626211e-02
2.825000e-01 9.368351e-01 9.532753e-01 -1.644019e-02
2.831250e-01 9.398678e-01 9.564807e-01 -1.661296e-02
2.837500e-01 9.427995e-01 9.595798e-01 -1.678030e-02
2.843750e-01 9.456293e-01 9.625715e-01 -1.694213e-02
2.850000e-01 9.483562e-01 9.654546e-01 -1.709834e-02
2.856250e-01 9.509792e-01 9.682281e-01 -1.724884e-02
2.862500e-01 9.534975e-01 9.708911e-01 -1.739355e-02
2.868750e-01 9.559101e-01 9.734425e-01 -1.753238e-02
2.875000e-01 9.582163e-01 9.758816e-01 -1.766526e-02
2.881250e-01 9.604152e-01 9.782073e-01 -1.779209e-02
2.887500e-01 9.625061e-01 9.804189e-01 -1.791281e-02
2.893750e-01 9.644882e-01 9.825155e-01 -1.802734e-02
2.900000e-01 9.663608e-01 9.844964e-01 -1.813563e-02
2.906250e-01 9.681234e-01 9.863610e-01 -1.823759e-02
2.912500e-01 9.697752e-01 9.881084e-01 -1.833318e-02
2.918750e-01 9.713157e-01 9.897381e-01 -1.842234e-02
2.925000e-01 9.727444e-01 9.912494e-01 -1.850501e-02
2.931250e-01 9.740608e-01 9.926420e-01 -1.858114e-02
2.937500e-01 9.752644e-01 9.939151e-01 -1.865069e-02
2.943750e-01 9.763547e-01 9.950684e-01 -1.871362e-02
2.950000e-01 9.773315e-01 9.961014e-01 -1.876988e-02
2.956250e-01 9.781943e-01 9.970137e-01 -1.881946e-02
2.962500e-01 9.789428e-01 9.978051e-01 -1.886231e-02
2.968750e-01 9.795769e-01 9.984753e-01 -1.889841e-02
2.975000e-01 9.800962e-01 9.990239e-01 -1.892773e-02
2.981250e-01 9.805006e-01 9.994508e-01 -1.895027e-02
2.987500e-01 9.807899e-01 9.997559e-01 -1.896601e-02
2.993750e-01 9.809640e-01 9.999390e-01 -1.897494e-02
3.000000e-01 9.810230e-01 1.000000e+00 -1.897705e-02
3.006250e-01 9.809666e-01 9.999390e-01 -1.897234e-02
3.012500e-01 9.807951e-01 9.997559e-01 -1.896081e-02
3.018750e-01 9.805084e-01 9.994508e-01 -1.894248e-02
3.025000e-01 9.801066e-01 9.990239e-01 -1.891735e-02
3.031250e-01 9.795898e-01 9.984753e-01 -1.888544e-02
3.037500e-01 9.789584e-01 9.978051e-01 -1.884676e-02
3.043750e-01 9.782124e-01 9.970137e-01 -1.880135e-02
3.050000e-01 9.773522e-01 9.961014e-01 -1.874922e-02
3.056250e-01 9.763779e-01 9.950684e-01 -1.869040e-02
3.062500e-01 9.752901e-01 9.939151e-01 -1.862494e-02
3.068750e-01 9.740891e-01 9.926420e-01 -1.855288e-02
3.075000e-01 9.727752e-01 9.912494e-01 -1.847425e-02
3.081250e-01 9.713490e-01 9.897381e-01 -1.838910e-02
3.087500e-01 9.698109e-01 9.881084e-01 -1.829748e-02
3.093750e-01 9.681615e-01 9.863610e-01 -1.819945e-02
3.100000e-01 9.664014e-01 9.844964e-01 -1.809506e-02
3.106250e-01 9.645311e-01 9.825155e-01 -1.798438e-02
3.112500e-01 9.625514e-01 9.804189e-01 -1.786748e-02
3.118750e-01 9.604629e-01 9.782073e-01 -1.774441e-02
3.125000e-01 9.582663e-01 9.758816e-01 -1.761526e-02
3.131250e-01 9.559624e-01 9.734425e-01 -1.748010e-02
3.137500e-01 9.535520e-01 9.708911e-01 -1.733901e-02
3.143750e-01 9.510360e-01 9.682281e-01 -1.719208e-02
3.150000e-01 9.484152e-01 9.654546e-01 -1.703938e-02
3.156250e-01 9.456904e-01 9.625715e-01 -1.688101e-02
3.162500e-01 9.428628e-01 9.595798e-01 -1.671706e-02
3.168750e-01 9.399331e-01 9.564807e-01 -1.654763e-02
3.175000e-01 9.369025e-01 9.532753e-01 -1.637281e-02
3.181250e-01 9.337719e-01 9.499646e-01 -1.619271e-02
3.187500e-01 9.305424e-01 9.465499e-01 -1.600743e-02
3.193750e-01 9.272152e-01 9.430323e-01 -1.581708e-02
3.200000e-01 9.237913e-01 9.394131e-01 -1.562176e-02
3.206250e-01 9.202719e-01 9.356935e-01 -1.542160e-02
3.212500e-01 9.166583e-01 9.318750e-01 -1.521670e-02
3.218750e-01 9.129515e-01 9.279587e-01 -1.500718e-02
3.225000e-01 9.091529e-01 9.239461e-01 -1.479316e-02
3.231250e-01 9.052638e-01 9.198385e-01 -1.457476e-02
3.237500e-01 9.012854e-01 9.156375e-01 -1.435211e-02
3.243750e-01 8.972190e-01 9.113443e-01 -1.412532e-02
3.250000e-01 8.930661e-01 9.069606e-01 -1.389454e-02
3.256250e-01 8.888279e-01 9.024878e-01 -1.365989e-02
3.262500e-01 8.845059e-01 8.979274e-01 -1.342149e-02
3.268750e-01 8.801016e-01 8.932811e-01 -1.317949e-02
3.275000e-01 8.756163e-01 8.885503e-01 -1.293401e-02
3.281250e-01 8.710514e-01 8.837366e-01 -1.268519e-02
3.287500e-01 8.664086e-01 8.788418e-01 -1.243317e-02
3.293750e-01 8.616893e-01 8.738674e-01 -1.217809e-02
3.300000e-01 8.568950e-01 8.688151e-01 -1.192008e-02
3.306250e-01 8.520272e-01 8.636865e-01 -1.165928e-02
3.312500e-01 8.470876e-01 8.584834e-01 -1.139584e-02
3.318750e-01 8.420777e-01 8.532076e-01 -1.112989e-02
3.325000e-01 8.369990e-01 8.478606e-01 -1.086159e-02
3.331250e-01 8.318532e-01 8.424443e-01 -1.059106e-02
3.337500e-01 8.266419e-01 8.369604e-01 -1.031847e-02
3.343750e-01 8.213668e-01 8.314107e-01 -1.004394e-02
3.350000e-01 8.160294e-01 8.257970e-01 -9.767616e-03
3.356250e-01 8.106315e-01 8.201211e-01 -9.489653e-03
3.362500e-01 8.051746e-01 8.143848e-01 -9.210189e-03
3.368750e-01 7.996606e-01 8.085899e-01 -8.929369e-03
3.375000e-01 7.940909e-01 8.027383e-01 -8.647335e-03
3.381250e-01 7.884674e-01 7.968317e-01 -8.364232e-03
3.387500e-01 7.827918e-01 7.908720e-01 -8.080202e-03
3.393750e-01 7.770657e-01 7.848611e-01 -7.795387e-03
3.400000e-01 7.712909e-01 7.788008e-01 -7.509930e-03
3.406250e-01 7.654690e-01 7.726929e-01 -7.223971e-03
3.412500e-01 7.596018e-01 7.665394e-01 -6.937650e-03
3.418750e-01 7.536910e-01 7.603421e-01 -6.651108e-03
3.425000e-01 7.477383e-01 7.541028e-01 -6.364482e-03
3.431250e-01 7.417455e-01 7.478234e-01 -6.077911e-03
3.437500e-01 7.357143e-01 7.415058e-01 -5.791530e-03
3.443750e-01 7.296464e-01 7.351518e-01 -5.505474e-03
3.450000e-01 7.235435e-01 7.287633e-01 -5.219878e-03
3.456250e-01 7.174073e-01 7.223422e-01 -4.934872e-03
3.462500e-01 7.112396e-01 7.158902e-01 -4.650590e-03
3.468750e-01 7.050421e-01 7.094092e-01 -4.367158e-03
3.475000e-01 6.988164e-01 7.029011e-01 -4.084706e-03
3.481250e-01 6.925643e-01 6.963677e-01 -3.803359e-03
3.487500e-01 6.862876e-01 6.898108e-01 -3.523241e-03
3.493750e-01 6.799878e-01 6.832323e-01 -3.244474e-03
3.500000e-01 6.736667e-01 6.766338e-01 -2.967179e-03
3.506250e-01 6.673259e-01 6.700174e-01 -2.691473e-03
3.512500e-01 6.609671e-01 6.633846e-01 -2.417473e-03
3.518750e-01 6.545920e-01 6.567373e-01 -2.145294e-03
3.525000e-01 6.482022e-01 6.500773e-01 -1.875045e-03
3.531250e-01 6.417994e-01 6.434062e-01 -1.606838e-03
3.537500e-01 6.353851e-01 6.367259e-01 -1.340780e-03
3.543750e-01 6.289611e-01 6.300380e-01 -1.076975e-03
3.550000e-01 6.225288e-01 6.233443e-01 -8.155257e-04
3.556250e-01 6.160899e-01 6.166464e-01 -5.565323e-04
3.562500e-01 6.096460e-01 6.099461e-01 -3.000921e-04
3.568750e-01 6.031985e-01 6.032448e-01 -4.630012e-05
3.575000e-01 5.967492e-01 5.965444e-01 2.047514e-04
3.581250e-01 5.902994e-01 5.898464e-01 4.529727e-04
3.587500e-01 5.838507e-01 5.831524e-01 6.982769e-04
3.593750e-01 5.774046e-01 5.764641e-01 9.405796e-04
3.600000e-01 5.709626e-01 5.697828e-01 1.179799e-03
3.606250e-01 5.645261e-01 5.631103e-01 1.415857e-03
3.612500e-01 5.580966e-01 5.564480e-01 1.648677e-03
3.618750e-01 5.516755e-01 5.497973e-01 1.878186e-03
3.625000e-01 5.452642e-01 5.431599e-01 2.104313e-03
3.631250e-01 5.388641e-01 5.365371e-01 2.326991e-03
3.637500e-01 5.324765e-01 5.299303e-01 2.546156e-03
3.643750e-01 5.261028e-01 5.233410e-01 2.761745e-03
3.650000e-01 5.197443e-01 5.167706e-01 2.973699e-03
3.656250e-01 5.134023e-01 5.102203e-01 3.181963e-03
3.662500e-01 5.070781e-01 5.036916e-01 3.386484e-03
3.668750e-01 5.007730e-01 4.971858e-01 3.587210e-03
3.675000e-01 4.944882e-01 4.907041e-01 3.784095e-03
3.681250e-01 4.882248e-01 4.842477e-01 3.977094e-03
3.687500e-01 4.819842e-01 4.778180e-01 4.166166e-03
3.693750e-01 4.757674e-01 4.714161e-01 4.351272e-03
3.700000e-01 4.695756e-01 4.650432e-01 4.532376e-03
3.706250e-01 4.634099e-01 4.587004e-01 4.709445e-03
3.712500e-01 4.572714e-01 4.523890e-01 4.882448e-03
3.718750e-01 4.511613e-01 4.461099e-01 5.051360e-03
3.725000e-01 4.450804e-01 4.398643e-01 5.216154e-03
3.731250e-01 4.390300e-01 4.336532e-01 5.376809e-03
3.737500e-01 4.330109e-01 4.274775e-01 5.533307e-03
3.743750e-01 4.270241e-01 4.213385e-01 5.685631e-03
3.750000e-01 4.210706e-01 4.152368e-01 5.833768e-03
3.756250e-01 4.151513e-01 4.091736e-01 5.977706e-03
3.762500e-01 4.092672e-01 4.031497e-01 6.117438e-03
3.768750e-01 4.034190e-01 3.971660e-01 6.252958e-03
3.775000e-01 3.976076e-01 3.912234e-01 6.384262e-03
3.781250e-01 3.918340e-01 3.853226e-01 6.511351e-03
3.787500e-01 3.860988e-01 3.794645e-01 6.634227e-03
3.793750e-01 3.804028e-01 3.736499e-01 6.752893e-03
3.800000e-01 3.747468e-01 3.678794e-01 6.867358e-03
3.806250e-01 3.691315e-01 3.621539e-01 6.977630e-03
3.812500e-01 3.635577e-01 3.564739e-01 7.083722e-03
3.818750e-01 3.580259e-01 3.508402e-01 7.185646e-03
3.825000e-01 3.525368e-01 3.452534e-01 7.283420e-03
3.831250e-01 3.470912e-01 3.397141e-01 7.377062e-03
3.837500e-01 3.416895e-01 3.342229e-01 7.466592e-03
3.843750e-01 3.363323e-01 3.287802e-01 7.552034e-03
3.850000e-01 3.310202e-01 3.233868e-01 7.633412e-03
3.856250e-01 3.257537e-01 3.180429e-01 7.710753e-03
3.862500e-01 3.205333e-01 3.127493e-01 7.784085e-03
3.868750e-01 3.153596e-01 3.075061e-01 7.853441e-03
3.875000e-01 3.102329e-01 3.023140e-01 7.918851e-03
3.881250e-01 3.051536e-01 2.971733e-01 7.980351e-03
3.887500e-01 3.001223e-01 2.920843e-01 8.037977e-03
3.893750e-01 2.951392e-01 2.870474e-01 8.091766e-03
3.900000e-01 2.902047e-01 2.820630e-01 8.141758e-03
3.906250e-01 2.853192e-01 2.771312e-01 8.187995e-03
3.912500e-01 2.804830e-01 2.722525e-01 8.230518e-03
3.918750e-01 2.756964e-01 2.674270e-01 8.269371e-03
3.925000e-01 2.709596e-01 2.626550e-01 8.304601e-03
3.931250e-01 2.662728e-01 2.579366e-01 8.336253e-03
3.937500e-01 2.616364e-01 2.532721e-01 8.364377e-03
3.943750e-01 2.570506e-01 2.486615e-01 8.389021e-03
3.950000e-01 2.525154e-01 2.441051e-01 8.410236e-03
3.956250e-01 2.480311e-01 2.396030e-01 8.428074e-03
3.962500e-01 2.435977e-01 2.351552e-01 8.442587e-03
3.968750e-01 2.392155e-01 2.307617e-01 8.453830e-03
3.975000e-01 2.348846e-01 2.264227e-01 8.461856e-03
3.981250e-01 2.306049e-01 2.221382e-01 8.466721e-03
3.987500e-01 2.263766e-01 2.179081e-01 8.468483e-03
3.993750e-01 2.221998e-01 2.137326e-01 8.467198e-03
4.000000e-01 2.180743e-01 2.096114e-01 8.462924e-03
4.006250e-01 2.140003e-01 2.055446e-01 8.455720e-03
4.012500e-01 2.099777e-01 2.015321e-01 8.445644e-03
4.018750e-01 2.060066e-01 1.975738e-01 8.432758e-03
4.025000e-01 2.020867e-01 1.936696e-01 8.417121e-03
4.031250e-01 1.982182e-01 1.898194e-01 8.398795e-03
4.037500e-01 1.944009e-01 1.860230e-01 8.377839e-03
4.043750e-01 1.906347e-01 1.822803e-01 8.354317e-03
4.050000e-01 1.869194e-01 1.785911e-01 8.328290e-03
4.056250e-01 1.832551e-01 1.749552e-01 8.299819e-03
4.062500e-01 1.796414e-01 1.713725e-01 8.268968e-03
4.068750e-01 1.760783e-01 1.678425e-01 8.235799e-03
4.075000e-01 1.725656e-01 1.643653e-01 8.200375e-03
4.081250e-01 1.691032e-01 1.609404e-01 8.162757e-03
4.087500e-01 1.656907e-01 1.575676e-01 8.123010e-03
4.093750e-01 1.623279e-01 1.542468e-01 8.081196e-03
4.100000e-01 1.590148e-01 1.509774e-01 8.037377e-03
4.106250e-01 1.557510e-01 1.477593e-01 7.991615e-03
4.112500e-01 1.525362e-01 1.445922e-01 7.943974e-03
4.118750e-01 1.493702e-01 1.414757e-01 7.894516e-03
4.125000e-01 1.462527e-01 1.384094e-01 7.843302e-03
4.131250e-01 1.431835e-01 1.353931e-01 7.790393e-03
4.137500e-01 1.401622e-01 1.324264e-01 7.735852e-03
4.143750e-01 1.371886e-01 1.295088e-01 7.679740e-03
4.150000e-01 1.342622e-01 1.266401e-01 7.622116e-03
4.156250e-01 1.313828e-01 1.238198e-01 7.563041e-03
4.162500e-01 1.285501e-01 1.210475e-01 7.502576e-03
4.168750e-01 1.257636e-01 1.183228e-01 7.440778e-03
4.175000e-01 1.230231e-01 1.156454e-01 7.377707e-03
4.181250e-01 1.203282e-01 1.130148e-01 7.313421e-03
4.187500e-01 1.176785e-01 1.104305e-01 7.247978e-03
4.193750e-01 1.150735e-01 1.078921e-01 7.181434e-03
4.200000e-01 1.125131e-01 1.053992e-01 7.113847e-03
4.206250e-01 1.099966e-01 1.029514e-01 7.045270e-03
4.212500e-01 1.075239e-01 1.005481e-01 6.975761e-03
4.218750e-01 1.050943e-01 9.818893e-02 6.905373e-03
4.225000e-01 1.027076e-01 9.587341e-02 6.834159e-03
4.231250e-01 1.003633e-01 9.360108e-02 6.762172e-03
4.237500e-01 9.806091e-02 9.137145e-02 6.689466e-03
4.243750e-01 9.580013e-02 8.918404e-02 6.616089e-03
4.250000e-01 9.358046e-02 8.703837e-02 6.542095e-03
4.256250e-01 9.140148e-02 8.493395e-02 6.467531e-03
4.262500e-01 8.926275e-02 8.287030e-02 6.392446e-03
4.268750e-01 8.716381e-02 8.084692e-02 6.316890e-03
4.275000e-01 8.510423e-02 7.886332e-02 6.240908e-03
4.281250e-01 8.308354e-02 7.691899e-02 6.164547e-03
4.287500e-01 8.110130e-02 7.501345e-02 6.087852e-03
4.293750e-01 7.915705e-02 7.314618e-02 6.010868e-03
4.300000e-01 7.725032e-02 7.131668e-02 5.933638e-03
4.306250e-01 7.538066e-02 6.952446e-02 5.856205e-03
4.312500e-01 7.354761e-02 6.776900e-02 5.778610e-03
4.318750e-01 7.175070e-02 6.604981e-02 5.700894e-03
4.325000e-01 6.998946e-02 6.436637e-02 5.623097e-03
4.331250e-01 6.826343e-02 6.271817e-02 5.545258e-03
4.337500e-01 6.657214e-02 6.110473e-02 5.467414e-03
4.343750e-01 6.491513e-02 5.952552e-02 5.389603e-03
4.350000e-01 6.329191e-02 5.798005e-02 5.311860e-03
4.356250e-01 6.170203e-02 5.646781e-02 5.234221e-03
4.362500e-01 6.014502e-02 5.498830e-02 5.156720e-03
4.368750e-01 5.862041e-02 5.354102e-02 5.079389e-03
4.375000e-01 5.712773e-02 5.212547e-02 5.002260e-03
4.381250e-01 5.566652e-02 5.074115e-02 4.925366e-03
4.387500e-01 5.423630e-02 4.938756e-02 4.848736e-03
4.393750e-01 5.283662e-02 4.806422e-02 4.772399e-03
4.400000e-01 5.146701e-02 4.677062e-02 4.696385e-03
4.406250e-01 5.012701e-02 4.550629e-02 4.620719e-03
4.412500e-01 4.881616e-02 4.427073e-02 4.545430e-03
4.418750e-01 4.753400e-02 4.306345e-02 4.470541e-03
4.425000e-01 4.628007e-02 4.188399e-02 4.396079e-03
4.431250e-01 4.505393e-02 4.073186e-02 4.322066e-03
4.437500e-01 4.385512e-02 3.960659e-02 4.248526e-03
4.443750e-01 4.268318e-02 3.850770e-02 4.175480e-03
4.450000e-01 4.153769e-02 3.743474e-02 4.102950e-03
4.456250e-01 4.041818e-02 3.638722e-02 4.030955e-03
4.462500e-01 3.932422e-02 3.536470e-02 3.959516e-03
4.468750e-01 3.825537e-02 3.436672e-02 3.888649e-03
4.475000e-01 3.721120e-02 3.339283e-02 3.818374e-03
4.481250e-01 3.619128e-02 3.244257e-02 3.748706e-03
4.487500e-01 3.519517e-02 3.151551e-02 3.679661e-03
4.493750e-01 3.422246e-02 3.061121e-02 3.611256e-03
4.500000e-01 3.327272e-02 2.972922e-02 3.543503e-03
4.506250e-01 3.234553e-02 2.886912e-02 3.476417e-03
4.512500e-01 3.144049e-02 2.803048e-02 3.410009e-03
4.518750e-01 3.055717e-02 2.721288e-02 3.344294e-03
4.525000e-01 2.969518e-02 2.641590e-02 3.279280e-03
4.531250e-01 2.885412e-02 2.563914e-02 3.214979e-03
4.537500e-01 2.803358e-02 2.488218e-02 3.151401e-03
4.543750e-01 2.723317e-02 2.414462e-02 3.088555e-03
4.550000e-01 2.645251e-02 2.342606e-02 3.026449e-03
4.556250e-01 2.569120e-02 2.272611e-02 2.965090e-03
4.562500e-01 2.494887e-02 2.204439e-02 2.904486e-03
4.568750e-01 2.422515e-02 2.138050e-02 2.844644e-03
4.575000e-01 2.351965e-02 2.073408e-02 2.785568e-03
4.581250e-01 2.283201e-02 2.010475e-02 2.727264e-03
4.587500e-01 2.216187e-02 1.949214e-02 2.669736e-03
4.593750e-01 2.150888e-02 1.889589e-02 2.612989e-03
4.600000e-01 2.087266e-02 1.831564e-02 2.557025e-03
4.606250e-01 2.025289e-02 1.775104e-02 2.501848e-03
4.612500e-01 1.964921e-02 1.720175e-02 2.447459e-03
4.618750e-01 1.906128e-02 1.666742e-02 2.393861e-03
4.625000e-01 1.848877e-02 1.614772e-02 2.341054e-03
4.631250e-01 1.793135e-02 1.564231e-02 2.289039e-03
4.637500e-01 1.738869e-02 1.515087e-02 2.237817e-03
4.643750e-01 1.686047e-02 1.467308e-02 2.187386e-03
4.650000e-01 1.634637e-02 1.420862e-02 2.137747e-03
4.656250e-01 1.584609e-02 1.375719e-02 2.088898e-03
4.662500e-01 1.535931e-02 1.331847e-02 2.040837e-03
4.668750e-01 1.488573e-02 1.289217e-02 1.993563e-03
4.675000e-01 1.442506e-02 1.247799e-02 1.947073e-03
4.681250e-01 1.397701e-02 1.207564e-02 1.901364e-03
4.687500e-01 1.354127e-02 1.168484e-02 1.856432e-03
4.693750e-01 1.311758e-02 1.130531e-02 1.812276e-03
4.700000e-01 1.270566e-02 1.093677e-02 1.768889e-03
4.706250e-01 1.230522e-02 1.057895e-02 1.726269e-03
4.712500e-01 1.191600e-02 1.023159e-02 1.684411e-03
4.718750e-01 1.153774e-02 9.894426e-03 1.643309e-03
4.725000e-01 1.117017e-02 9.567206e-03 1.602960e-03
4.731250e-01 1.081303e-02 9.249678e-03 1.563356e-03
4.737500e-01 1.046609e-02 8.941597e-03 1.524494e-03
4.743750e-01 1.012909e-02 8.642723e-03 1.486366e-03
4.750000e-01 9.801785e-03 8.352819e-03 1.448967e-03
4.756250e-01 9.483943e-03 8.071653e-03 1.412290e-03
4.762500e-01 9.175328e-03 7.799000e-03 1.376328e-03
4.768750e-01 8.875713e-03 7.534637e-03 1.341076e-03
4.775000e-01 8.584872e-03 7.278347e-03 1.306525e-03
4.781250e-01 8.302584e-03 7.029916e-03 1.272669e-03
4.787500e-01 8.028636e-03 6.789136e-03 1.239500e-03
4.793750e-01 7.762813e-03 6.555802e-03 1.207011e-03
4.800000e-01 7.504909e-03 6.329715e-03 1.175194e-03
4.806250e-01 7.254721e-03 6.110680e-03 1.144041e-03
4.812500e-01 7.012049e-03 5.898503e-03 1.113545e-03
4.818750e-01 6.776697e-03 5.692999e-03 1.083698e-03
4.825000e-01 6.548475e-03 5.493984e-03 1.054490e-03
4.831250e-01 6.327194e-03 5.301279e-03 1.025915e-03
4.837500e-01 6.112672e-03 5.114709e-03 9.979634e-04
4.843750e-01 5.904730e-03 4.934103e-03 9.706272e-04
4.850000e-01 5.703190e-03 4.759293e-03 9.438978e-04
4.856250e-01 5.507882e-03 4.590115e-03 9.177667e-04
4.862500e-01 5.318637e-03 4.426412e-03 8.922253e-04
4.868750e-01 5.135290e-03 4.268025e-03 8.672650e-04
4.875000e-01 4.957681e-03 4.114804e-03 8.428771e-04
4.881250e-01 4.785652e-03 3.966599e-03 8.190530e-04
4.887500e-01 4.619049e-03 3.823265e-03 7.957838e-04
4.893750e-01 4.457722e-03 3.684661e-03 7.730608e-04
4.900000e-01 4.301524e-03 3.550649e-03 7.508753e-04
4.906250e-01 4.150311e-03 3.421092e-03 7.292185e-04
4.912500e-01 4.003942e-03 3.295861e-03 7.080817e-04
4.918750e-01 3.862282e-03 3.174826e-03 6.874560e-04
4.925000e-01 3.725196e-03 3.057863e-03 6.673328e-04
4.931250e-01 3.592552e-03 2.944849e-03 6.477034e-04
4.937500e-01 3.464225e-03 2.835666e-03 6.285590e-04
4.943750e-01 3.340088e-03 2.730197e-03 6.098910e-04
4.950000e-01 3.220022e-03 2.628331e-03 5.916908e-04
4.956250e-01 3.103906e-03 2.529956e-03 5.739498e-04
4.962500e-01 2.991626e-03 2.434967e-03 5.566594e-04
4.968750e-01 2.883068e-03 2.343257e-03 5.398112e-04
4.975000e-01 2.778123e-03 2.254727e-03 5.233967e-04
4.981250e-01 2.676684e-03 2.169276e-03 5.074076e-04
4.987500e-01 2.578645e-03 2.086809e-03 4.918355e-04
4.993750e-01 2.483904e-03 2.007232e-03 4.766723e-04
5.000000e-01 2.392364e-03 1.930454e-03 4.619096e-04
5.006250e-01 2.303926e-03 1.856386e-03 4.475394e-04
5.012500e-01 2.218496e-03 1.784942e-03 4.335537e-04
5.018750e-01 2.135983e-03 1.716039e-03 4.199445e-04
5.025000e-01 2.056297e-03 1.649593e-03 4.067039e-04
5.031250e-01 1.979351e-03 1.585527e-03 3.938241e-04
5.037500e-01 1.905061e-03 1.523763e-03 3.812975e-04
5.043750e-01 1.833343e-03 1.464226e-03 3.691163e-04
5.050000e-01 1.764117e-03 1.406844e-03 3.572731e-04
5.056250e-01 1.697306e-03 1.351546e-03 3.457605e-04
5.062500e-01 1.632833e-03 1.298262e-03 3.345710e-04
5.068750e-01 1.570625e-03 1.246927e-03 3.236974e-04
5.075000e-01 1.510609e-03 1.197476e-03 3.131326e-04
5.081250e-01 1.452715e-03 1.149846e-03 3.028695e-04
5.087500e-01 1.396876e-03 1.103975e-03 2.929010e-04
5.093750e-01 1.343025e-03 1.059805e-03 2.832205e-04
5.100000e-01 1.291099e-03 1.017278e-03 2.738211e-04
5.106250e-01 1.241034e-03 9.763381e-04 2.646961e-04
5.112500e-01 1.192770e-03 9.369315e-04 2.558389e-04
5.118750e-01 1.146249e-03 8.990057e-04 2.472432e-04
5.125000e-01 1.101412e-03 8.625098e-04 2.389026e-04
5.131250e-01 1.058205e-03 8.273945e-04 2.308107e-04
5.137500e-01 1.016573e-03 7.936119e-04 2.229615e-04
5.143750e-01 9.764647e-04 7.611158e-04 2.153489e-04
5.150000e-01 9.378282e-04 7.298611e-04 2.079670e-04
5.156250e-01 9.006145e-04 6.998046e-04 2.008100e-04
5.162500e-01 8.647758e-04 6.709038e-04 1.938720e-04
5.168750e-01 8.302657e-04 6.431181e-04 1.871475e-04
5.175000e-01 7.970389e-04 6.164079e-04 1.806310e-04
5.181250e-01 7.650520e-04 5.907350e-04 1.743170e-04
5.187500e-01 7.342624e-04 5.660622e-04 1.682002e-04
5.193750e-01 7.046290e-04 5.423536e-04 1.622754e-04
5.200000e-01 6.761121e-04 5.195747e-04 1.565374e-04
5.206250e-01 6.486730e-04 4.976917e-04 1.509813e-04
5.212500e-01 6.222743e-04 4.766721e-04 1.456022e-04
5.218750e-01 5.968798e-04 4.564846e-04 1.403951e-04
5.225000e-01 5.724542e-04 4.370987e-04 1.353555e-04
5.231250e-01 5.489637e-04 4.184850e-04 1.304787e-04
5.237500e-01 5.263751e-04 4.006150e-04 1.257602e-04
5.243750e-01 5.046567e-04 3.834613e-04 1.211955e-04
5.250000e-01 4.837775e-04 3.669972e-04 1.167803e-04
5.256250e-01 4.637077e-04 3.511972e-04 1.125104e-04
5.262500e-01 4.444181e-04 3.360364e-04 1.083817e-04
5.268750e-01 4.258809e-04 3.214908e-04 1.043901e-04
5.275000e-01 4.080689e-04 3.075373e-04 1.005316e-04
5.281250e-01 3.909559e-04 2.941535e-04 9.680240e-05
5.287500e-01 3.745166e-04 2.813178e-04 9.319871e-05
5.293750e-01 3.587263e-04 2.690094e-04 8.971683e-05
5.300000e-01 3.435613e-04 2.572081e-04 8.635317e-05
5.306250e-01 3.289987e-04 2.458945e-04 8.310421e-05
5.312500e-01 3.150164e-04 2.350499e-04 7.996653e-05
5.318750e-01 3.015928e-04 2.246561e-04 7.693676e-05
5.325000e-01 2.887073e-04 2.146957e-04 7.401165e-05
5.331250e-01 2.763398e-04 2.051518e-04 7.118801e-05
5.337500e-01 2.644710e-04 1.960083e-04 6.846274e-05
5.343750e-01 2.530823e-04 1.872495e-04 6.583280e-05
5.350000e-01 2.421554e-04 1.788602e-04 6.329525e-05
5.356250e-01 2.316731e-04 1.708259e-04 6.084721e-05
5.362500e-01 2.216185e-04 1.631326e-04 5.848589e-05
5.368750e-01 2.119753e-04 1.557667e-04 5.620854e-05
5.375000e-01 2.027279e-04 1.487153e-04 5.401252e-05
5.381250e-01 1.938611e-04 1.419658e-04 5.189525e-05
5.387500e-01 1.853603e-04 1.355061e-04 4.985419e-05
5.393750e-01 1.772114e-04 1.293245e-04 4.788691e-05
5.400000e-01 1.694008e-04 1.234098e-04 4.599102e-05
5.406250e-01 1.619155e-04 1.177513e-04 4.416421e-05
5.412500e-01 1.547427e-04 1.123385e-04 4.240421e-05
5.418750e-01 1.478703e-04 1.071614e-04 4.070884e-05
5.425000e-01 1.412864e-04 1.022105e-04 3.907597e-05
5.431250e-01 1.349799e-04 9.747634e-05 3.750352e-05
5.437500e-01 1.289396e-04 9.295015e-05 3.598949e-05
5.443750e-01 1.231552e-04 8.862330e-05 3.453192e-05
5.450000e-01 1.176165e-04 8.448756e-05 3.312892e-05
5.456250e-01 1.123136e-04 8.053499e-05 3.177863e-05
5.462500e-01 1.072372e-04 7.675796e-05 3.047927e-05
5.468750e-01 1.023782e-04 7.314914e-05 2.922911e-05
5.475000e-01 9.772793e-05 6.970148e-05 2.802646e-05
5.481250e-01 9.327788e-05 6.640820e-05 2.686967e-05
5.487500e-01 8.901999e-05 6.326281e-05 2.575718e-05
5.493750e-01 8.494647e-05 6.025904e-05 2.468743e-05
5.500000e-01 8.104982e-05 5.739089e-05 2.365893e-05
5.506250e-01 7.732282e-05 5.465258e-05 2.267024e-05
5.512500e-01 7.375853e-05 5.203857e-05 2.171996e-05
5.518750e-01 7.035027e-05 4.954354e-05 2.080673e-05
5.525000e-01 6.709160e-05 4.716238e-05 1.992923e-05
5.531250e-01 6.397636e-05 4.489018e-05 1.908618e-05
5.537500e-01 6.099859e-05 4.272224e-05 1.827635e-05
5.543750e-01 5.815258e-05 4.065403e-05 1.749855e-05
5.550000e-01 5.543284e-05 3.868122e-05 1.675161e-05
5.556250e-01 5.283408e-05 3.679966e-05 1.603442e-05
5.562500e-01 5.035123e-05 3.500535e-05 1.534588e-05
5.568750e-01 4.797942e-05 3.329446e-05 1.468496e-05
5.575000e-01 4.571395e-05 3.166332e-05 1.405063e-05
5.581250e-01 4.355034e-05 3.010842e-05 1.344191e-05
5.587500e-01 4.148424e-05 2.862639e-05 1.285786e-05
5.593750e-01 3.951152e-05 2.721398e-05 1.229754e-05
5.600000e-01 3.762818e-05 2.586810e-05 1.176008e-05
5.606250e-01 3.583040e-05 2.458578e-05 1.124462e-05
5.612500e-01 3.411450e-05 2.336418e-05 1.075032e-05
5.618750e-01 3.247695e-05 2.220056e-05 1.027639e-05
5.625000e-01 3.091437e-05 2.109232e-05 9.822054e-06
5.631250e-01 2.942352e-05 2.003696e-05 9.386558e-06
5.637500e-01 2.800126e-05 1.903208e-05 8.969184e-06
5.643750e-01 2.664462e-05 1.807539e-05 8.569235e-06
5.650000e-01 2.535073e-05 1.716469e-05 8.186038e-06
5.656250e-01 2.411683e-05 1.629789e-05 7.818942e-06
5.662500e-01 2.294029e-05 1.547297e-05 7.467322e-06
5.668750e-01 2.181858e-05 1.468801e-05 7.130573e-06
5.675000e-01 2.074928e-05 1.394117e-05 6.808112e-06
5.681250e-01 1.973007e-05 1.323069e-05 6.499375e-06
5.687500e-01 1.875871e-05 1.255489e-05 6.203822e-06
5.693750e-01 1.783308e-05 1.191215e-05 5.920928e-06
5.700000e-01 1.695113e-05 1.130094e-05 5.650190e-06
5.706250e-01 1.611090e-05 1.071977e-05 5.391122e-06
5.712500e-01 1.531051e-05 1.016726e-05 5.143255e-06
5.718750e-01 1.454818e-05 9.642044e-06 4.906140e-06
5.725000e-01 1.382219e-05 9.142844e-06 4.679341e-06
5.731250e-01 1.313087e-05 8.668431e-06 4.462440e-06
5.737500e-01 1.247267e-05 8.217632e-06 4.255035e-06
5.743750e-01 1.184606e-05 7.789325e-06 4.056736e-06
5.750000e-01 1.124961e-05 7.382441e-06 3.867172e-06
5.756250e-01 1.068194e-05 6.995956e-06 3.685982e-06
5.762500e-01 1.014172e-05 6.628896e-06 3.512822e-06
5.768750e-01 9.627685e-06 6.280328e-06 3.347357e-06
5.775000e-01 9.138631e-06 5.949362e-06 3.189269e-06
5.781250e-01 8.673399e-06 5.635150e-06 3.038249e-06
5.787500e-01 8.230883e-06 5.336881e-06 2.894002e-06
5.793750e-01 7.810026e-06 5.053783e-06 2.756243e-06
5.800000e-01 7.409816e-06 4.785117e-06 2.624699e-06
5.806250e-01 7.029287e-06 4.530182e-06 2.499106e-06
5.812500e-01 6.667516e-06 4.288304e-06 2.379212e-06
5.818750e-01 6.323620e-06 4.058846e-06 2.264774e-06
5.825000e-01 5.996756e-06 3.841197e-06 2.155559e-06
5.831250e-01 5.686119e-06 3.634775e-06 2.051344e-06
5.837500e-01 5.390938e-06 3.439026e-06 1.951912e-06
5.843750e-01 5.110480e-06 3.253422e-06 1.857059e-06
5.850000e-01 4.844043e-06 3.077459e-06 1.766584e-06
5.856250e-01 4.590957e-06 2.910658e-06 1.680299e-06
5.862500e-01 4.350582e-06 2.752562e-06 1.598020e-06
5.868750e-01 4.122307e-06 2.602735e-06 1.519572e-06
5.875000e-01 3.905551e-06 2.460763e-06 1.444788e-06
5.881250e-01 3.699757e-06 2.326251e-06 1.373506e-06
5.887500e-01 3.504394e-06 2.198824e-06 1.305570e-06
5.893750e-01 3.318957e-06 2.078123e-06 1.240834e-06
5.900000e-01 3.142963e-06 1.963808e-06 1.179155e-06
5.906250e-01 2.975951e-06 1.855555e-06 1.120396e-06
5.912500e-01 2.817483e-06 1.753055e-06 1.064428e-06
5.918750e-01 2.667139e-06 1.656015e-06 1.011124e-06
5.925000e-01 2.524521e-06 1.564156e-06 9.603645e-07
5.931250e-01 2.389247e-06 1.477212e-06 9.120354e-07
5.937500e-01 2.260957e-06 1.394930e-06 8.660262e-07
5.943750e-01 2.139303e-06 1.317071e-06 8.222316e-07
5.950000e-01 2.023957e-06 1.243406e-06 7.805507e-07
5.956250e-01 1.914604e-06 1.173718e-06 7.408869e-07
5.962500e-01 1.810947e-06 1.107800e-06 7.031477e-07
5.968750e-01 1.712701e-06 1.045456e-06 6.672445e-07
5.975000e-01 1.619594e-06 9.865009e-07 6.330929e-07
5.981250e-01 1.531368e-06 9.307566e-07 6.006116e-07
5.987500e-01 1.447778e-06 8.780550e-07 5.697233e-07
5.993750e-01 1.368590e-06 8.282363e-07 5.403537e-07
6.000000e-01 1.293581e-06 7.811489e-07 5.124321e-07
6.006250e-01 1.222539e-06 7.366487e-07 4.858906e-07
6.012500e-01 1.155263e-06 6.945986e-07 4.606644e-07
6.018750e-01 1.091561e-06 6.548690e-07 4.366917e-07
6.025000e-01 1.031250e-06 6.173365e-07 4.139131e-07
6.031250e-01 9.741562e-07 5.818841e-07 3.922722e-07
6.037500e-01 9.201155e-07 5.484006e-07 3.717149e-07
6.043750e-01 8.689704e-07 5.167808e-07 3.521896e-07
6.050000e-01 8.205718e-07 4.869247e-07 3.336470e-07
6.056250e-01 7.747776e-07 4.587375e-07 3.160400e-07
6.062500e-01 7.314530e-07 4.321293e-07 2.993237e-07
6.068750e-01 6.904698e-07 4.070147e-07 2.834551e-07
6.075000e-01 6.517063e-07 3.833130e-07 2.683934e-07
6.081250e-01 6.150466e-07 3.609474e-07 2.540993e-07
6.087500e-01 5.803809e-07 3.398453e-07 2.405356e-07
6.093750e-01 5.476045e-07 3.199378e-07 2.276667e-07
6.100000e-01 5.166184e-07 3.011597e-07 2.154587e-07
6.106250e-01 4.873283e-07 2.834492e-07 2.038791e-07
6.112500e-01 4.596448e-07 2.667476e-07 1.928972e-07
6.118750e-01 4.334829e-07 2.509995e-07 1.824834e-07
6.125000e-01 4.087619e-07 2.361523e-07 1.726097e-07
6.131250e-01 3.854054e-07 2.221562e-07 1.632493e-07
6.137500e-01 3.633408e-07 2.089641e-07 1.543767e-07
6.143750e-01 3.424991e-07 1.965314e-07 1.459677e-07
6.150000e-01 3.228149e-07 1.848158e-07 1.379991e-07
6.156250e-01 3.042262e-07 1.737774e-07 1.304488e-07
6.162500e-01 2.866742e-07 1.633783e-07 1.232958e-07
6.168750e-01 2.701030e-07 1.535828e-07 1.165202e-07
6.175000e-01 2.544598e-07 1.443570e-07 1.101029e-07
6.181250e-01 2.396944e-07 1.356688e-07 1.040256e-07
6.187500e-01 2.257592e-07 1.274879e-07 9.827131e-08
6.193750e-01 2.126092e-07 1.197858e-07 9.282344e-08
6.200000e-01 2.002016e-07 1.125352e-07 8.766640e-08
6.206250e-01 1.884959e-07 1.057106e-07 8.278530e-08
6.212500e-01 1.774537e-07 9.928770e-08 7.816600e-08
6.218750e-01 1.670387e-07 9.324370e-08 7.379504e-08
6.225000e-01 1.572166e-07 8.755694e-08 6.965962e-08
6.231250e-01 1.479545e-07 8.220696e-08 6.574757e-08
6.237500e-01 1.392218e-07 7.717446e-08 6.204730e-08
6.243750e-01 1.309890e-07 7.244119e-08 5.854783e-08
6.250000e-01 1.232286e-07 6.798993e-08 5.523870e-08
6.256250e-01 1.159144e-07 6.380439e-08 5.210996e-08
6.262500e-01 1.090214e-07 5.986921e-08 4.915219e-08
6.268750e-01 1.025263e-07 5.616988e-08 4.635639e-08
6.275000e-01 9.640676e-08 5.269269e-08 4.371407e-08
6.281250e-01 9.064184e-08 4.942473e-08 4.121711e-08
6.287500e-01 8.521163e-08 4.635378e-08 3.885784e-08
6.293750e-01 8.009731e-08 4.346834e-08 3.662896e-08
6.300000e-01 7.528109e-08 4.075754e-08 3.452355e-08
6.306250e-01 7.074614e-08 3.821112e-08 3.253502e-08
6.312500e-01 6.647656e-08 3.581943e-08 3.065713e-08
6.318750e-01 6.245730e-08 3.357333e-08 2.888396e-08
6.325000e-01 5.867415e-08 3.146424e-08 2.720990e-08
6.331250e-01 5.511366e-08 2.948405e-08 2.562962e-08
6.337500e-01 5.176315e-08 2.762510e-08 2.413805e-08
6.343750e-01 4.861060e-08 2.588020e-08 2.273040e-08
6.350000e-01 4.564468e-08 2.424256e-08 2.140213e-08
6.356250e-01 4.285469e-08 2.270577e-08 2.014892e-08
6.362500e-01 4.023049e-08 2.126380e-08 1.896669e-08
6.368750e-01 3.776255e-08 1.991098e-08 1.785157e-08
6.375000e-01 3.544183e-08 1.864195e-08 1.679988e-08
6.381250e-01 3.325982e-08 1.745167e-08 1.580815e-08
6.387500e-01 3.120847e-08 1.633539e-08 1.487308e-08
6.393750e-01 2.928020e-08 1.528866e-08 1.399155e-08
6.400000e-01 2.746784e-08 1.430724e-08 1.316060e-08
6.406250e-01 2.576463e-08 1.338719e-08 1.237743e-08
6.412500e-01 2.416418e-08 1.252478e-08 1.163940e-08
6.418750e-01 2.266049e-08 1.171650e-08 1.094400e-08
6.425000e-01 2.124787e-08 1.095904e-08 1.028883e-08
6.431250e-01 1.992097e-08 1.024929e-08 9.671673e-09
6.437500e-01 1.867473e-08 9.584345e-09 9.090382e-09
6.443750e-01 1.750439e-08 8.961444e-09 8.542949e-09
6.450000e-01 1.640547e-08 8.378003e-09 8.027470e-09
6.456250e-01 1.537373e-08 7.831591e-09 7.542142e-09
6.462500e-01 1.440519e-08 7.319923e-09 7.085262e-09
6.468750e-01 1.349607e-08 6.840849e-09 6.655219e-09
6.475000e-01 1.264284e-08 6.392349e-09 6.250489e-09
6.481250e-01 1.184216e-08 5.972524e-09 5.869632e-09
6.487500e-01 1.109088e-08 5.579591e-09 5.511287e-09
6.493750e-01 1.038604e-08 5.211872e-09 5.174166e-09
6.500000e-01 9.724849e-09 4.867794e-09 4.857055e-09
6.506250e-01 9.104680e-09 4.545876e-09 4.558804e-09
6.512500e-01 8.523057e-09 4.244729e-09 4.278328e-09
6.518750e-01 7.977651e-09 3.963048e-09 4.014603e-09
6.525000e-01 7.466268e-09 3.699608e-09 3.766660e-09
6.531250e-01 6.986843e-09 3.453258e-09 3.533585e-09
6.537500e-01 6.537434e-09 3.222919e-09 3.314516e-09
6.543750e-01 6.116213e-09 3.007576e-09 3.108637e-09
6.550000e-01 5.721458e-09 2.806280e-09 2.915179e-09
6.556250e-01 5.351552e-09 2.618136e-09 2.733416e-09
6.562500e-01 5.004973e-09 2.442308e-09 2.562665e-09
6.568750e-01 4.680288e-09 2.278010e-09 2.402277e-09
6.575000e-01 4.376151e-09 2.124506e-09 2.251645e-09
6.581250e-01 4.091297e-09 1.981104e-09 2.110193e-09
6.587500e-01 3.824534e-09 1.847155e-09 1.977379e-09
6.593750e-01 3.574744e-09 1.722053e-09 1.852691e-09
6.600000e-01 3.340876e-09 1.605228e-09 1.735648e-09
6.606250e-01 3.121940e-09 1.496146e-09 1.625794e-09
6.612500e-01 2.917009e-09 1.394306e-09 1.522703e-09
6.618750e-01 2.725209e-09 1.299239e-09 1.425969e-09
6.625000e-01 2.545721e-09 1.210507e-09 1.335214e-09
6.631250e-01 2.377774e-09 1.127697e-09 1.250077e-09
6.637500e-01 2.220646e-09 1.050424e-09 1.170222e-09
6.643750e-01 2.073657e-09 9.783259e-10 1.095331e-09
6.650000e-01 1.936170e-09 9.110656e-10 1.025105e-09
6.656250e-01 1.807586e-09 8.483258e-10 9.592604e-10
6.662500e-01 1.687343e-09 7.898102e-10 8.975328e-10
6.668750e-01 1.574913e-09 7.352410e-10 8.396722e-10
6.675000e-01 1.469802e-09 6.843586e-10 7.854432e-10
6.681250e-01 1.371544e-09 6.369198e-10 7.346245e-10
6.687500e-01 1.279705e-09 5.926970e-10 6.870078e-10
6.693750e-01 1.193874e-09 5.514773e-10 6.423971e-10
6.700000e-01 1.113670e-09 5.130617e-10 6.006079e-10
6.706250e-01 1.038731e-09 4.772638e-10 5.614670e-10
6.712500e-01 9.687207e-10 4.439095e-10 5.248112e-10
6.718750e-01 9.033229e-10 4.128358e-10 4.904871e-10
6.725000e-01 8.422410e-10 3.838904e-10 4.583506e-10
6.731250e-01 7.851969e-10 3.569309e-10 4.282661e-10
6.737500e-01 7.319303e-10 3.318241e-10 4.001062e-10
6.743750e-01 6.821969e-10 3.084458e-10 3.737512e-10
6.750000e-01 6.357681e-10 2.866795e-10 3.490886e-10
6.756250e-01 5.924293e-10 2.664167e-10 3.260126e-10
6.762500e-01 5.519799e-10 2.475559e-10 3.044240e-10
6.768750e-01 5.142318e-10 2.300022e-10 2.842295e-10
6.775000e-01 4.790087e-10 2.136672e-10 2.653415e-10
6.781250e-01 4.461458e-10 1.984680e-10 2.476778e-10
6.787500e-01 4.154886e-10 1.843276e-10 2.311611e-10
6.793750e-01 3.868925e-10 1.711737e-10 2.157188e-10
6.800000e-01 3.602222e-10 1.589391e-10 2.012831e-10
6.806250e-01 3.353509e-10 1.475610e-10 1.877899e-10
6.812500e-01 3.121601e-10 1.369806e-10 1.751795e-10
6.818750e-01 2.905388e-10 1.271434e-10 1.633954e-10
6.825000e-01 2.703833e-10 1.179982e-10 1.523851e-10
6.831250e-01 2.515964e-10 1.094975e-10 1.420989e-10
6.837500e-01 2.340874e-10 1.015967e-10 1.324906e-10
6.843750e-01 2.177711e-10 9.425455e-11 1.235166e-10
6.850000e-01 2.025684e-10 8.743231e-11 1.151360e-10
6.856250e-01 1.884047e-10 8.109396e-11 1.073108e-10
6.862500e-01 1.752108e-10 7.520593e-11 1.000049e-10
6.868750e-01 1.629217e-10 6.973690e-11 9.318475e-11
6.875000e-01 1.514766e-10 6.465769e-11 8.681895e-11
6.881250e-01 1.408191e-10 5.994110e-11 8.087795e-11
6.887500e-01 1.308959e-10 5.556179e-11 7.533412e-11
6.893750e-01 1.216577e-10 5.149615e-11 7.016156e-11
6.900000e-01 1.130582e-10 4.772217e-11 6.533602e-11
6.906250e-01 1.050542e-10 4.421938e-11 6.083481e-11
6.912500e-01 9.760534e-11 4.096869e-11 5.663665e-11
6.918750e-01 9.067399e-11 3.795234e-11 5.272165e-11
6.925000e-01 8.422494e-11 3.515378e-11 4.907117e-11
6.931250e-01 7.822537e-11 3.255760e-11 4.566777e-11
6.937500e-01 7.264462e-11 3.014948e-11 4.249514e-11
6.943750e-01 6.745407e-11 2.791606e-11 3.953800e-11
6.950000e-01 6.262702e-11 2.584494e-11 3.678207e-11
6.956250e-01 5.813855e-11 2.392456e-11 3.421399e-11
6.962500e-01 5.396542e-11 2.214416e-11 3.182126e-11
6.968750e-01 5.008594e-11 2.049376e-11 2.959218e-11
6.975000e-01 4.647988e-11 1.896404e-11 2.751584e-11
6.981250e-01 4.312837e-11 1.754636e-11 2.558200e-11
6.987500e-01 4.001382e-11 1.623269e-11 2.378113e-11
6.993750e-01 3.711982e-11 1.501553e-11 2.210429e-11
7.000000e-01 3.443107e-11 1.388794e-11 2.054313e-11
7.006250e-01 3.193333e-11 1.284346e-11 1.908986e-11
7.012500e-01 2.961329e-11 1.187609e-11 1.773720e-11
7.018750e-01 2.745858e-11 1.098023e-11 1.647835e-11
7.025000e-01 2.545765e-11 1.015072e-11 1.530693e-11
7.031250e-01 2.359976e-11 9.382725e-12 1.421703e-11
7.037500e-01 2.187488e-11 8.671778e-12 1.320310e-11
7.043750e-01 2.027368e-11 8.013723e-12 1.225996e-11
7.050000e-01 1.878748e-11 7.404699e-12 1.138278e-11
7.056250e-01 1.740817e-11 6.841126e-12 1.056705e-11
7.062500e-01 1.612824e-11 6.319674e-12 9.808562e-12
7.068750e-01 1.494065e-11 5.837256e-12 9.103391e-12
7.075000e-01 1.383888e-11 5.391006e-12 8.447870e-12
7.081250e-01 1.281685e-11 4.978264e-12 7.838582e-12
7.087500e-01 1.186890e-11 4.596560e-12 7.272336e-12
7.093750e-01 1.098977e-11 4.243605e-12 6.746161e-12
7.100000e-01 1.017456e-11 3.917274e-12 6.257281e-12
7.106250e-01 9.418707e-12 3.615597e-12 5.803110e-12
7.112500e-01 8.717984e-12 3.336745e-12 5.381239e-12
7.118750e-01 8.068443e-12 3.079023e-12 4.989419e-12
7.125000e-01 7.466417e-12 2.840861e-12 4.625557e-12
7.131250e-01 6.908499e-12 2.620800e-12 4.287699e-12
7.137500e-01 6.391518e-12 2.417491e-12 3.974027e-12
7.143750e-01 5.912528e-12 2.229681e-12 3.682847e-12
7.150000e-01 5.468791e-12 2.056211e-12 3.412580e-12
7.156250e-01 5.057761e-12 1.896005e-12 3.161756e-12
7.162500e-01 4.677074e-12 1.748068e-12 2.929005e-12
7.168750e-01 4.324531e-12 1.611478e-12 2.713053e-12
7.175000e-01 3.998091e-12 1.485378e-12 2.512712e-12
7.181250e-01 3.695857e-12 1.368979e-12 2.326878e-12
7.187500e-01 3.416069e-12 1.261548e-12 2.154521e-12
7.193750e-01 3.157090e-12 1.162405e-12 1.994684e-12
7.200000e-01 2.917401e-12 1.070923e-12 1.846478e-12
7.206250e-01 2.695592e-12 9.865205e-13 1.709072e-12
7.212500e-01 2.490355e-12 9.086589e-13 1.581696e-12
7.218750e-01 2.300473e-12 8.368404e-13 1.463632e-12
7.225000e-01 2.124819e-12 7.706042e-13 1.354214e-12
7.231250e-01 1.962346e-12 7.095240e-13 1.252822e-12
7.237500e-01 1.812083e-12 6.532054e-13 1.158877e-12
7.243750e-01 1.673129e-12 6.012837e-13 1.071845e-12
7.250000e-01 1.544649e-12 5.534216e-13 9.912271e-13
7.256250e-01 1.425867e-12 5.093072e-13 9.165596e-13
7.262500e-01 1.316064e-12 4.686519e-13 8.474121e-13
7.268750e-01 1.214574e-12 4.311894e-13 7.833846e-13
7.275000e-01 1.120779e-12 3.966730e-13 7.241056e-13
7.281250e-01 1.034105e-12 3.648751e-13 6.692297e-13
7.287500e-01 9.540216e-13 3.355852e-13 6.184363e-13
7.293750e-01 8.800366e-13 3.086089e-13 5.714277e-13
7.300000e-01 8.116936e-13 2.837664e-13 5.279272e-13
7.306250e-01 7.485699e-13 2.608919e-13 4.876781e-13
7.312500e-01 6.902741e-13 2.398320e-13 4.504421e-13
7.318750e-01 6.364431e-13 2.204452e-13 4.159980e-13
7.325000e-01 5.867411e-13 2.026008e-13 3.841404e-13
7.331250e-01 5.408569e-13 1.861781e-13 3.546788e-13
7.337500e-01 4.985022e-13 1.710657e-13 3.274365e-13
7.343750e-01 4.594102e-13 1.571609e-13 3.022494e-13
7.350000e-01 4.233340e-13 1.443687e-13 2.789653e-13
7.356250e-01 3.900448e-13 1.326015e-13 2.574433e-13
7.362500e-01 3.593311e-13 1.217785e-13 2.375525e-13
7.368750e-01 3.309969e-13 1.118253e-13 2.191716e-13
7.375000e-01 3.048610e-13 1.026731e-13 2.021880e-13
7.381250e-01 2.807558e-13 9.425837e-14 1.864975e-13
7.387500e-01 2.585262e-13 8.652274e-14 1.720035e-13
7.393750e-01 2.380287e-13 7.941227e-14 1.586164e-13
7.400000e-01 2.191305e-13 7.287724e-14 1.462532e-13
7.406250e-01 2.017090e-13 6.687183e-14 1.348371e-13
7.412500e-01 1.856507e-13 6.135381e-14 1.242969e-13
7.418750e-01 1.708507e-13 5.628424e-14 1.145665e-13
7.425000e-01 1.572121e-13 5.162726e-14 1.055848e-13
7.431250e-01 1.446451e-13 4.734982e-14 9.729531e-14
7.437500e-01 1.330671e-13 4.342147e-14 8.964561e-14
7.443750e-01 1.224014e-13 3.981418e-14 8.258722e-14
7.450000e-01 1.125773e-13 3.650211e-14 7.607523e-14
7.456250e-01 1.035296e-13 3.346148e-14 7.006811e-14
7.462500e-01 9.519779e-14 3.067040e-14 6.452740e-14
7.468750e-01 8.752621e-14 2.810869e-14 5.941753e-14
7.475000e-01 8.046338e-14 2.575780e-14 5.470558e-14
7.481250e-01 7.396177e-14 2.360064e-14 5.036113e-14
7.487500e-01 6.797750e-14 2.162151e-14 4.635600e-14
7.493750e-01 6.247007e-14 1.980592e-14 4.266415e-14
7.500000e-01 5.740208e-14 1.814058e-14 3.926151e-14
7.506250e-01 5.273904e-14 1.661324e-14 3.612580e-14
7.512500e-01 4.844909e-14 1.521263e-14 3.323646e-14
7.518750e-01 4.450286e-14 1.392840e-14 3.057446e-14
7.525000e-01 4.087325e-14 1.275103e-14 2.812221e-14
7.531250e-01 3.753524e-14 1.167176e-14 2.586348e-14
7.537500e-01 3.446579e-14 1.068254e-14 2.378325e-14
7.543750e-01 3.164361e-14 9.775960e-15 2.186765e-14
7.550000e-01 2.904910e-14 8.945227e-15 2.010388e-14
7.556250e-01 2.666419e-14 8.184089e-15 1.848010e-14
7.562500e-01 2.447219e-14 7.486801e-15 1.698539e-14
7.568750e-01 2.245775e-14 6.848086e-15 1.560966e-14
7.575000e-01 2.060670e-14 6.263097e-15 1.434360e-14
7.581250e-01 1.890599e-14 5.727381e-15 1.317861e-14
7.587500e-01 1.734361e-14 5.236848e-15 1.210676e-14
7.593750e-01 1.590847e-14 4.787743e-15 1.112073e-14
7.600000e-01 1.459036e-14 4.376619e-15 1.021375e-14
7.606250e-01 1.337990e-14 4.000309e-15 9.379588e-15
7.612500e-01 1.226841e-14 3.655909e-15 8.612501e-15
7.618750e-01 1.124793e-14 3.340752e-15 7.907180e-15
7.625000e-01 1.031112e-14 3.052390e-15 7.258733e-15
7.631250e-01 9.451225e-15 2.788578e-15 6.662647e-15
7.637500e-01 8.662019e-15 2.547256e-15 6.114763e-15
7.643750e-01 7.937780e-15 2.326534e-15 5.611246e-15
7.650000e-01 7.273238e-15 2.124678e-15 5.148561e-15
7.656250e-01 6.663547e-15 1.940099e-15 4.723449e-15
7.662500e-01 6.104246e-15 1.771338e-15 4.332908e-15
7.668750e-01 5.591231e-15 1.617060e-15 3.974171e-15
7.675000e-01 5.120728e-15 1.476039e-15 3.644689e-15
7.681250e-01 4.689266e-15 1.347152e-15 3.342114e-15
7.687500e-01 4.293653e-15 1.229369e-15 3.064284e-15
7.693750e-01 3.930953e-15 1.121747e-15 2.809206e-15
7.700000e-01 3.598468e-15 1.023421e-15 2.575047e-15
7.706250e-01 3.293718e-15 9.336006e-16 2.360117e-15
7.712500e-01 3.014421e-15 8.515590e-16 2.162862e-15
7.718750e-01 2.758483e-15 7.766321e-16 1.981851e-15
7.725000e-01 2.523979e-15 7.082114e-16 1.815767e-15
7.731250e-01 2.309138e-15 6.457397e-16 1.663398e-15
7.737500e-01 2.112336e-15 5.887067e-16 1.523629e-15
7.743750e-01 1.932079e-15 5.366456e-16 1.395433e-15
7.750000e-01 1.766996e-15 4.891286e-16 1.277868e-15
7.756250e-01 1.615829e-15 4.457646e-16 1.170064e-15
7.762500e-01 1.477420e-15 4.061954e-16 1.071224e-15
7.768750e-01 1.350708e-15 3.700935e-16 9.806142e-16
7.775000e-01 1.234718e-15 3.371592e-16 8.975586e-16
7.781250e-01 1.128555e-15 3.071181e-16 8.214373e-16
7.787500e-01 1.031400e-15 2.797196e-16 7.516801e-16
7.793750e-01 9.424969e-16 2.547342e-16 6.877627e-16
7.800000e-01 8.611558e-16 2.319523e-16 6.292035e-16
7.806250e-01 7.867422e-16 2.111821e-16 5.755601e-16
7.812500e-01 7.186741e-16 1.922483e-16 5.264259e-16
7.818750e-01 6.564179e-16 1.749906e-16 4.814273e-16
7.825000e-01 5.994842e-16 1.592627e-16 4.402215e-16
7.831250e-01 5.474242e-16 1.449307e-16 4.024934e-16
7.837500e-01 4.998262e-16 1.318723e-16 3.679539e-16
7.843750e-01 4.563131e-16 1.199759e-16 3.363372e-16
7.850000e-01 4.165391e-16 1.091393e-16 3.073998e-16
7.856250e-01 3.801872e-16 9.926945e-17 2.809177e-16
7.862500e-01 3.469669e-16 9.028110e-17 2.566858e-16
7.868750e-01 3.166121e-16 8.209659e-17 2.345155e-16
7.875000e-01 2.888789e-16 7.464493e-17 2.142339e-16
7.881250e-01 2.635439e-16 6.786136e-17 1.956825e-16
7.887500e-01 2.404025e-16 6.168673e-17 1.787158e-16
7.893750e-01 2.192673e-16 5.606708e-17 1.632003e-16
7.900000e-01 1.999667e-16 5.095315e-17 1.490136e-16
7.906250e-01 1.823436e-16 4.630003e-17 1.360435e-16
7.912500e-01 1.662539e-16 4.206669e-17 1.241873e-16
7.918750e-01 1.515662e-16 3.821576e-17 1.133504e-16
7.925000e-01 1.381598e-16 3.471312e-17 1.034467e-16
7.931250e-01 1.259244e-16 3.152766e-17 9.439673e-17
7.937500e-01 1.147590e-16 2.863102e-17 8.612802e-17
7.943750e-01 1.045714e-16 2.599734e-17 7.857403e-17
7.950000e-01 9.527689e-17 2.360304e-17 7.167385e-17
7.956250e-01 8.679830e-17 2.142663e-17 6.537167e-17
7.962500e-01 7.906490e-17 1.944854e-17 5.961636e-17
7.968750e-01 7.201204e-17 1.765090e-17 5.436114e-17
7.975000e-01 6.558060e-17 1.601747e-17 4.956313e-17
7.981250e-01 5.971653e-17 1.453342e-17 4.518310e-17
7.987500e-01 5.437040e-17 1.318527e-17 4.118513e-17
7.993750e-01 4.949706e-17 1.196071e-17 3.753635e-17
8.000000e-01 4.505523e-17 1.084855e-17 3.420667e-17
8.006250e-01 4.100717e-17 9.838609e-18 3.116856e-17
8.012500e-01 3.731842e-17 8.921598e-18 2.839682e-17
8.018750e-01 3.395749e-17 8.089069e-18 2.586843e-17
8.025000e-01 3.089562e-17 7.333333e-18 2.356228e-17
8.031250e-01 2.810651e-17 6.647392e-18 2.145912e-17
8.037500e-01 2.556619e-17 6.024876e-18 1.954131e-17
8.043750e-01 2.325272e-17 5.459991e-18 1.779273e-17
8.050000e-01 2.114611e-17 4.947465e-18 1.619864e-17
8.056250e-01 1.922809e-17 4.482503e-18 1.474558e-17
8.062500e-01 1.748198e-17 4.060742e-18 1.342123e-17
8.068750e-01 1.589256e-17 3.678215e-18 1.221434e-17
8.075000e-01 1.444595e-17 3.331317e-18 1.111463e-17
8.081250e-01 1.312947e-17 3.016766e-18 1.011270e-17
8.087500e-01 1.193155e-17 2.731583e-18 9.199970e-18
8.093750e-01 1.084166e-17 2.473057e-18 8.368603e-18
8.100000e-01 9.850164e-18 2.238725e-18 7.611438e-18
8.106250e-01 8.948288e-18 2.026350e-18 6.921938e-18
8.112500e-01 8.128031e-18 1.833898e-18 6.294133e-18
8.118750e-01 7.382095e-18 1.659521e-18 5.722574e-18
8.125000e-01 6.703827e-18 1.501542e-18 5.202284e-18
8.131250e-01 6.087161e-18 1.358436e-18 4.728725e-18
8.137500e-01 5.526570e-18 1.228819e-18 4.297751e-18
8.143750e-01 5.017015e-18 1.111433e-18 3.905582e-18
8.150000e-01 4.553905e-18 1.005139e-18 3.548767e-18
8.156250e-01 4.133058e-18 9.088988e-19 3.224159e-18
8.162500e-01 3.750661e-18 8.217734e-19 2.928887e-18
8.168750e-01 3.403243e-18 7.429090e-19 2.660334e-18
8.175000e-01 3.087643e-18 6.715311e-19 2.416112e-18
8.181250e-01 2.800980e-18 6.069371e-19 2.194043e-18
8.187500e-01 2.540632e-18 5.484893e-19 1.992143e-18
8.193750e-01 2.304212e-18 4.956095e-19 1.808603e-18
8.200000e-01 2.089546e-18 4.477732e-19 1.641773e-18
8.206250e-01 1.894656e-18 4.045047e-19 1.490152e-18
8.212500e-01 1.717741e-18 3.653727e-19 1.352368e-18
8.218750e-01 1.557162e-18 3.299860e-19 1.227176e-18
8.225000e-01 1.411428e-18 2.979901e-19 1.113438e-18
8.231250e-01 1.279183e-18 2.690638e-19 1.010119e-18
8.237500e-01 1.159192e-18 2.429158e-19 9.162764e-19
8.243750e-01 1.050333e-18 2.192820e-19 8.310510e-19
8.250000e-01 9.515848e-19 1.979235e-19 7.536613e-19
8.256250e-01 8.620190e-19 1.786236e-19 6.833954e-19
8.262500e-01 7.807914e-19 1.611859e-19 6.196055e-19
8.268750e-01 7.071346e-19 1.454328e-19 5.617018e-19
8.275000e-01 6.403509e-19 1.312033e-19 5.091476e-19
8.281250e-01 5.798061e-19 1.183516e-19 4.614546e-19
8.287500e-01 5.249240e-19 1.067457e-19 4.181784e-19
8.293750e-01 4.751809e-19 9.626613e-20 3.789148e-19
8.300000e-01 4.301009e-19 8.680480e-20 3.432961e-19
8.306250e-01 3.892518e-19 7.826381e-20 3.109880e-19
8.312500e-01 3.522408e-19 7.055458e-20 2.816863e-19
8.318750e-01 3.187115e-19 6.359697e-20 2.551145e-19
8.325000e-01 2.883398e-19 5.731847e-20 2.310213e-19
8.331250e-01 2.608316e-19 5.165350e-20 2.091781e-19
8.337500e-01 2.359200e-19 4.654274e-20 1.893773e-19
8.343750e-01 2.133626e-19 4.193253e-20 1.714300e-19
8.350000e-01 1.929392e-19 3.777437e-20 1.551648e-19
8.356250e-01 1.744503e-19 3.402439e-20 1.404259e-19
8.362500e-01 1.577145e-19 3.064294e-20 1.270716e-19
8.368750e-01 1.425675e-19 2.759418e-20 1.149733e-19
8.375000e-01 1.288600e-19 2.484572e-20 1.040143e-19
8.381250e-01 1.164568e-19 2.236828e-20 9.408853e-20
8.387500e-01 1.052350e-19 2.013542e-20 8.509962e-20
8.393750e-01 9.508340e-20 1.812323e-20 7.696017e-20
8.400000e-01 8.590093e-20 1.631014e-20 6.959079e-20
8.406250e-01 7.759611e-20 1.467664e-20 6.291947e-20
8.412500e-01 7.008593e-20 1.320513e-20 5.688080e-20
8.418750e-01 6.329518e-20 1.187970e-20 5.141547e-20
8.425000e-01 5.715566e-20 1.068601e-20 4.646965e-20
8.431250e-01 5.160559e-20 9.611087e-21 4.199451e-20
8.437500e-01 4.658897e-20 8.643237e-21 3.794573e-20
8.443750e-01 4.205507e-20 7.771902e-21 3.428317e-20
8.450000e-01 3.795792e-20 6.987555e-21 3.097037e-20
8.456250e-01 3.425590e-20 6.281598e-21 2.797430e-20
8.462500e-01 3.091129e-20 5.646274e-21 2.526502e-20
8.468750e-01 2.788996e-20 5.074589e-21 2.281537e-20
8.475000e-01 2.516097e-20 4.560229e-21 2.060074e-20
8.481250e-01 2.269634e-20 4.097505e-21 1.859883e-20
8.487500e-01 2.047071e-20 3.681284e-21 1.678943e-20
8.493750e-01 1.846116e-20 3.306938e-21 1.515423e-20
8.500000e-01 1.664693e-20 2.970297e-21 1.367663e-20
8.506250e-01 1.500921e-20 2.667600e-21 1.234161e-20
8.512500e-01 1.353102e-20 2.395457e-21 1.113556e-20
8.518750e-01 1.219697e-20 2.150815e-21 1.004616e-20
8.525000e-01 1.099316e-20 1.930923e-21 9.062237e-21
8.531250e-01 9.906991e-21 1.733299e-21 8.173692e-21
8.537500e-01 8.927090e-21 1.555712e-21 7.371378e-21
8.543750e-01 8.043163e-21 1.396150e-21 6.647014e-21
8.550000e-01 7.245907e-21 1.252800e-21 5.993107e-21
8.556250e-01 6.526907e-21 1.124031e-21 5.402876e-21
8.562500e-01 5.878560e-21 1.008375e-21 4.870186e-21
8.568750e-01 5.293993e-21 9.045082e-22 4.389485e-21
8.575000e-01 4.766995e-21 8.112414e-22 3.955753e-21
8.581250e-01 4.291951e-21 7.275028e-22 3.564449e-21
8.587500e-01 3.863792e-21 6.523284e-22 3.211464e-21
8.593750e-01 3.477936e-21 5.848505e-22 2.893086e-21
8.600000e-01 3.130245e-21 5.242886e-22 2.605957e-21
8.606250e-01 2.816981e-21 4.699405e-22 2.347040e-21
8.612500e-01 2.534769e-21 4.211749e-22 2.113594e-21
8.618750e-01 2.280561e-21 3.774235e-22 1.903137e-21
8.625000e-01 2.051605e-21 3.381757e-22 1.713429e-21
8.631250e-01 1.845418e-21 3.029723e-22 1.542446e-21
8.637500e-01 1.659757e-21 2.714003e-22 1.388357e-21
8.643750e-01 1.492599e-21 2.430887e-22 1.249511e-21
8.650000e-01 1.342118e-21 2.177039e-22 1.124415e-21
8.656250e-01 1.206667e-21 1.949462e-22 1.011720e-21
8.662500e-01 1.084757e-21 1.745461e-22 9.102111e-22
8.668750e-01 9.750495e-22 1.562617e-22 8.187879e-22
8.675000e-01 8.763340e-22 1.398756e-22 7.364585e-22
8.681250e-01 7.875199e-22 1.251925e-22 6.623274e-22
8.687500e-01 7.076234e-22 1.120370e-22 5.955864e-22
8.693750e-01 6.357579e-22 1.002517e-22 5.355062e-22
8.700000e-01 5.711237e-22 8.969520e-23 4.814285e-22
8.706250e-01 5.130001e-22 8.024048e-23 4.327596e-22
8.712500e-01 4.607375e-22 7.177361e-23 3.889639e-22
8.718750e-01 4.137505e-22 6.419232e-23 3.495582e-22
8.725000e-01 3.715116e-22 5.740481e-23 3.141068e-22
8.731250e-01 3.335455e-22 5.132873e-23 2.822167e-22
8.737500e-01 2.994240e-22 4.589018e-23 2.535338e-22
8.743750e-01 2.687615e-22 4.102287e-23 2.277386e-22
8.750000e-01 2.412105e-22 3.666732e-23 2.045432e-22
8.756250e-01 2.164584e-22 3.277022e-23 1.836881e-22
8.762500e-01 1.942233e-22 2.928374e-23 1.649396e-22
8.768750e-01 1.742517e-22 2.616500e-23 1.480867e-22
8.775000e-01 1.563154e-22 2.337555e-23 1.329399e-22
8.781250e-01 1.402088e-22 2.088094e-23 1.193279e-22
8.787500e-01 1.257470e-22 1.865027e-23 1.070967e-22
8.793750e-01 1.127636e-22 1.665587e-23 9.610773e-23
8.800000e-01 1.011088e-22 1.487292e-23 8.623589e-23
8.806250e-01 9.064794e-23 1.327921e-23 7.736873e-23
8.812500e-01 8.125980e-23 1.185483e-23 6.940497e-23
8.818750e-01 7.283538e-23 1.058194e-23 6.225344e-23
8.825000e-01 6.527666e-23 9.444577e-24 5.583208e-23
8.831250e-01 5.849548e-23 8.428427e-24 5.006705e-23
8.837500e-01 5.241259e-23 7.520687e-24 4.489190e-23
8.843750e-01 4.695672e-23 6.709891e-24 4.024683e-23
8.850000e-01 4.206385e-23 5.985776e-24 3.607807e-23
8.856250e-01 3.767639e-23 5.339154e-24 3.233723e-23
8.862500e-01 3.374262e-23 4.761802e-24 2.898082e-23
8.868750e-01 3.021607e-23 4.246365e-24 2.596971e-23
8.875000e-01 2.705500e-23 3.786258e-24 2.326874e-23
8.881250e-01 2.422192e-23 3.375593e-24 2.084633e-23
8.887500e-01 2.168320e-23 3.009102e-24 1.867409e-23
8.893750e-01 1.940866e-23 2.682075e-24 1.672659e-23
8.900000e-01 1.737131e-23 2.390296e-24 1.498102e-23
8.906250e-01 1.554702e-23 2.130000e-24 1.341702e-23
8.912500e-01 1.391432e-23 1.897817e-24 1.201650e-23
8.918750e-01 1.245426e-23 1.690737e-24 1.076352e-23
8.925000e-01 1.115034e-23 1.506069e-24 9.644267e-24
8.931250e-01 9.988542e-24 1.341408e-24 8.647135e-24
8.937500e-01 8.957562e-24 1.194603e-24 7.762959e-24
8.943750e-01 8.049237e-24 1.063735e-24 6.985503e-24
8.950000e-01 7.259378e-24 9.470873e-25 6.312290e-24
8.956250e-01 6.589136e-24 8.431284e-25 5.746007e-24
8.962500e-01 6.047225e-24 7.504892e-25 5.296736e-24
8.968750e-01 5.653447e-24 6.679472e-25 4.985500e-24
8.975000e-01 5.444210e-24 5.944110e-25 4.849799e-24
8.981250e-01 5.481122e-24 5.289060e-25 4.952216e-24
8.987500e-01 5.864260e-24 4.705623e-25 5.393697e-24
8.993750e-01 6.752601e-24 4.186034e-25 6.333997e-24
9.000000e-01 8.395350e-24 3.723363e-25 8.023014e-24
9.006250e-01 1.117983e-23 3.311426e-25 1.084869e-23
9.012500e-01 1.570446e-23 2.944704e-25 1.540999e-23
9.018750e-01 2.288965e-23 2.618274e-25 2.262782e-23
9.025000e-01 3.414592e-23 2.327747e-25 3.391315e-23
9.031250e-01 5.162791e-23 2.069204e-25 5.142099e-23
9.037500e-01 7.861732e-23 1.839153e-25 7.843340e-23
9.043750e-01 1.200986e-22 1.634479e-25 1.199352e-22
9.050000e-01 1.836222e-22 1.452405e-25 1.834769e-22
9.056250e-01 2.805948e-22 1.290456e-25 2.804658e-22
9.062500e-01 4.282049e-22 1.146425e-25 4.280903e-22
9.068750e-01 6.522849e-22 1.018346e-25 6.521830e-22
9.075000e-01 9.915581e-22 9.044649e-26 9.914676e-22
9.081250e-01 1.503921e-21 8.032212e-26 1.503841e-21
9.087500e-01 2.275714e-21 7.132234e-26 2.275643e-21
9.093750e-01 3.435358e-21 6.332322e-26 3.435295e-21
9.100000e-01 5.173371e-21 5.621438e-26 5.173315e-21
9.106250e-01 7.771663e-21 4.989750e-26 7.771613e-21
9.112500e-01 1.164629e-20 4.428505e-26 1.164624e-20
9.118750e-01 1.740967e-20 3.929909e-26 1.740963e-20
9.125000e-01 2.596096e-20 3.487023e-26 2.596092e-20
9.131250e-01 3.861679e-20 3.093671e-26 3.861675e-20
9.137500e-01 5.730010e-20 2.744356e-26 5.730007e-20
9.143750e-01 8.481198e-20 2.434186e-26 8.481196e-20
9.150000e-01 1.252220e-19 2.158808e-26 1.252220e-19
9.156250e-01 1.844270e-19 1.914350e-26 1.844269e-19
9.162500e-01 2.709492e-19 1.697366e-26 2.709491e-19
9.168750e-01 3.970725e-19 1.504793e-26 3.970725e-19
9.175000e-01 5.804563e-19 1.333905e-26 5.804563e-19
9.181250e-01 8.464203e-19 1.182279e-26 8.464203e-19
9.187500e-01 1.231171e-18 1.047761e-26 1.231171e-18
9.193750e-01 1.786348e-18 9.284350e-27 1.786348e-18
9.200000e-01 2.585400e-18 8.225981e-27 2.585400e-18
9.206250e-01 3.732526e-18 7.287370e-27 3.732526e-18
9.212500e-01 5.375147e-18 6.455070e-27 5.375147e-18
9.218750e-01 7.721284e-18 5.717130e-27 7.721284e-18
9.225000e-01 1.106368e-17 5.062933e-27 1.106368e-17
9.231250e-01 1.581318e-17 4.483047e-27 1.581318e-17
9.237500e-01 2.254490e-17 3.969094e-27 2.254490e-17
9.243750e-01 3.206163e-17 3.513633e-27 3.206163e-17
9.250000e-01 4.548103e-17 3.110058e-27 4.548103e-17
9.256250e-01 6.435492e-17 2.752501e-27 6.435492e-17
9.262500e-01 9.083203e-17 2.435754e-27 9.083203e-17
9.268750e-01 1.278796e-16 2.155195e-27 1.278796e-16
9.275000e-01 1.795841e-16 1.906718e-27 1.795841e-16
9.281250e-01 2.515580e-16 1.686683e-27 2.515580e-16
9.287500e-01 3.514885e-16 1.491858e-27 3.514885e-16
9.293750e-01 4.898758e-16 1.319375e-27 4.898758e-16
9.300000e-01 6.810236e-16 1.166692e-27 6.810236e-16
9.306250e-01 9.443629e-16 1.031552e-27 9.443629e-16
9.312500e-01 1.306217e-15 9.119543e-28 1.306217e-15
9.318750e-01 1.802151e-15 8.061242e-28 1.802151e-15
9.325000e-01 2.480077e-15 7.124885e-28 2.480077e-15
9.331250e-01 3.404372e-15 6.296522e-28 3.404372e-15
9.337500e-01 4.661287e-15 5.563788e-28 4.661287e-15
9.343750e-01 6.366066e-15 4.915723e-28 6.366066e-15
9.350000e-01 8.672260e-15 4.342613e-28 8.672260e-15
9.356250e-01 1.178389e-14 3.835853e-28 1.178389e-14
9.362500e-01 1.597127e-14 3.387816e-28 1.597127e-14
9.368750e-01 2.159157e-14 2.991745e-28 2.159157e-14
9.375000e-01 2.911539e-14 2.641656e-28 2.911539e-14
9.381250e-01 3.916101e-14 2.332250e-28 3.916101e-14
9.387500e-01 5.253848e-14 2.058831e-28 5.253848e-14
9.393750e-01 7.030610e-14 1.817245e-28 7.030610e-14
9.400000e-01 9.384257e-14 1.603811e-28 9.384257e-14
9.406250e-01 1.249389e-13 1.415272e-28 1.249389e-13
9.412500e-01 1.659152e-13 1.248744e-28 1.659152e-13
9.418750e-01 2.197681e-13 1.101677e-28 2.197681e-13
9.425000e-01 2.903575e-13 9.718110e-29 2.903575e-13
9.431250e-01 3.826403e-13 8.571492e-29 3.826403e-13
9.437500e-01 5.029647e-13 7.559238e-29 5.029647e-13
9.443750e-01 6.594367e-13 6.665713e-29 6.594367e-13
9.450000e-01 8.623772e-13 5.877088e-29 8.623772e-13
9.456250e-01 1.124889e-12 5.181133e-29 1.124889e-12
9.462500e-01 1.463560e-12 4.567035e-29 1.463560e-12
9.468750e-01 1.899324e-12 4.025232e-29 1.899324e-12
9.475000e-01 2.458531e-12 3.547271e-29 2.458531e-12
9.481250e-01 3.174243e-12 3.125683e-29 3.174243e-12
9.487500e-01 4.087826e-12 2.753863e-29 4.087826e-12
9.493750e-01 5.250885e-12 2.425978e-29 5.250885e-12
9.500000e-01 6.727605e-12 2.136871e-29 6.727605e-12
9.506250e-01 8.597585e-12 1.881988e-29 8.597585e-12
9.512500e-01 1.095924e-11 1.657304e-29 1.095924e-11
9.518750e-01 1.393392e-11 1.459267e-29 1.393392e-11
9.525000e-01 1.767073e-11 1.284736e-29 1.767073e-11
9.531250e-01 2.235242e-11 1.130942e-29 2.235242e-11
9.537500e-01 2.820228e-11 9.954371e-30 2.820228e-11
9.543750e-01 3.549225e-11 8.760607e-30 3.549225e-11
9.550000e-01 4.455262e-11 7.709062e-30 4.455262e-11
9.556250e-01 5.578326e-11 6.782907e-30 5.578326e-11
9.562500e-01 6.966684e-11 5.967291e-30 6.966684e-11
9.568750e-01 8.678420e-11 5.249108e-30 8.678420e-11
9.575000e-01 1.078321e-10 4.616797e-30 1.078321e-10
9.581250e-01 1.336441e-10 4.060159e-30 1.336441e-10
9.587500e-01 1.652138e-10 3.570198e-30 1.652138e-10
9.593750e-01 2.037225e-10 3.138980e-30 2.037225e-10
9.600000e-01 2.505698e-10 2.759509e-30 2.505698e-10
9.606250e-01 3.074092e-10 2.425616e-30 3.074092e-10
9.612500e-01 3.761879e-10 2.131863e-30 3.761879e-10
9.618750e-01 4.591916e-10 1.873456e-30 4.591916e-10
9.625000e-01 5.590953e-10 1.646170e-30 5.590953e-10
9.631250e-01 6.790194e-10 1.446281e-30 6.790194e-10
9.637500e-01 8.225926e-10 1.270510e-30 8.225926e-10
9.643750e-01 9.940211e-10 1.115964e-30 9.940211e-10
9.650000e-01 1.198165e-09 9.800973e-31 1.198165e-09
9.656250e-01 1.440622e-09 8.606673e-31 1.440622e-09
9.662500e-01 1.727819e-09 7.556982e-31 1.727819e-09
9.668750e-01 2.067111e-09 6.634504e-31 2.067111e-09
9.675000e-01 2.466886e-09 5.823921e-31 2.466886e-09
9.681250e-01 2.936684e-09 5.111749e-31 2.936684e-09
9.687500e-01 3.487312e-09 4.486117e-31 3.487312e-09
9.693750e-01 4.130982e-09 3.936576e-31 4.130982e-09
9.700000e-01 4.881439e-09 3.453931e-31 4.881439e-09
9.706250e-01 5.754109e-09 3.030090e-31 5.754109e-09
9.712500e-01 6.766245e-09 2.657936e-31 6.766245e-09
9.718750e-01 7.937077e-09 2.331205e-31 7.937077e-09
9.725000e-01 9.287974e-09 2.044389e-31 9.287974e-09
9.731250e-01 1.084259e-08 1.792641e-31 1.084259e-08
9.737500e-01 1.262705e-08 1.571702e-31 1.262705e-08
9.743750e-01 1.467005e-08 1.377826e-31 1.467005e-08
9.750000e-01 1.700310e-08 1.207717e-31 1.700310e-08
9.756250e-01 1.966057e-08 1.058481e-31 1.966057e-08
9.762500e-01 2.267993e-08 9.275724e-32 2.267993e-08
9.768750e-01 2.610182e-08 8.127551e-32 2.610182e-08
9.775000e-01 2.997018e-08 7.120631e-32 2.997018e-08
9.781250e-01 3.433239e-08 6.237698e-32 3.433239e-08
9.787500e-01 3.923935e-08 5.463578e-32 3.923935e-08
9.793750e-01 4.474554e-08 4.784945e-32 4.474554e-08
9.800000e-01 5.090911e-08 4.190093e-32 5.090911e-08
9.806250e-01 5.779188e-08 3.668744e-32 5.779188e-08
9.812500e-01 6.545941e-08 3.211872e-32 6.545941e-08
9.818750e-01 7.398095e-08 2.811551e-32 7.398095e-08
9.825000e-01 8.342942e-08 2.460824e-32 8.342942e-08
9.831250e-01 9.388138e-08 2.153587e-32 9.388138e-08
9.837500e-01 1.054170e-07 1.884478e-32 1.054170e-07
9.843750e-01 1.181197e-07 1.648795e-32 1.181197e-07
9.850000e-01 1.320767e-07 1.442412e-32 1.320767e-07
9.856250e-01 1.473780e-07 1.261708e-32 1.473780e-07
9.862500e-01 1.641169e-07 1.103508e-32 1.641169e-07
9.868750e-01 1.823897e-07 9.650264e-33 1.823897e-07
9.875000e-01 2.022953e-07 8.438200e-33 2.022953e-07
9.881250e-01 2.239356e-07 7.377469e-33 2.239356e-07
9.887500e-01 2.474147e-07 6.449291e-33 2.474147e-07
9.893750e-01 2.728391e-07 5.637201e-33 2.728391e-07
9.900000e-01 3.003176e-07 4.926767e-33 3.003176e-07
9.906250e-01 3.299612e-07 4.305341e-33 3.299612e-07
9.912500e-01 3.618830e-07 3.761838e-33 3.618830e-07
9.918750e-01 3.961980e-07 3.286545e-33 3.961980e-07
9.925000e-01 4.330233e-07 2.870953e-33 4.330233e-07
9.931250e-01 4.724783e-07 2.507607e-33 4.724783e-07
9.937500e-01 5.146843e-07 2.189979e-33 5.146843e-07
9.943750e-01 5.597652e-07 1.912350e-33 5.597652e-07
9.950000e-01 6.078474e-07 1.669713e-33 6.078474e-07
9.956250e-01 6.590602e-07 1.457684e-33 6.590602e-07
9.962500e-01 7.135362e-07 1.272423e-33 7.135362e-07
9.968750e-01 7.714115e-07 1.110573e-33 7.714115e-07
9.975000e-01 8.328263e-07 9.691911e-34 8.328263e-07
9.981250e-01 8.979256e-07 8.457047e-34 8.979256e-07
9.987500e-01 9.668596e-07 7.378619e-34 9.668596e-07
9.993750e-01 1.039784e-06 6.436925e-34 1.039784e-06
