Number of cells = 200
CFL = 8.000000e-01
a = 1.000000e+00

L1 error = 1.863100e-02
Root mean square error = 3.598756e-02

Wall time = 2.066800e-03 seconds

              x  Numerical_solution      Exact_solution               Error
   0.000000e+00        2.249926e-05        7.811489e-07        2.171811e-05
   5.000000e-03        3.183533e-05        1.243406e-06        3.059192e-05
   1.000000e-02        4.477556e-05        1.963808e-06        4.281175e-05
   1.500000e-02        6.260400e-05        3.077459e-06        5.952654e-05
   2.000000e-02        8.702049e-05        4.785117e-06        8.223537e-05
   2.500000e-02        1.202597e-04        7.382441e-06        1.128773e-04
   3.000000e-02        1.652391e-04        1.130094e-05        1.539381e-04
   3.500000e-02        2.257402e-04        1.716469e-05        2.085755e-04
   4.000000e-02        3.066299e-04        2.586810e-05        2.807618e-04
   4.500000e-02        4.141267e-04        3.868122e-05        3.754455e-04
   5.000000e-02        5.561176e-04        5.739089e-05        4.987267e-04
   5.500000e-02        7.425317e-04        8.448756e-05        6.580442e-04
   6.000000e-02        9.857751e-04        1.234098e-04        8.623653e-04
   6.500000e-02        1.301230e-03        1.788602e-04        1.122370e-03
   7.000000e-02        1.707821e-03        2.572081e-04        1.450613e-03
   7.500000e-02        2.228645e-03        3.669972e-04        1.861647e-03
   8.000000e-02        2.891665e-03        5.195747e-04        2.372090e-03
   8.500000e-02        3.730454e-03        7.298611e-04        3.000593e-03
   9.000000e-02        4.784981e-03        1.017278e-03        3.767703e-03
   9.500000e-02        6.102413e-03        1.406844e-03        4.695569e-03
   1.000000e-01        7.737914e-03        1.930454e-03        5.807460e-03
   1.050000e-01        9.755401e-03        2.628331e-03        7.127070e-03
   1.100000e-01        1.222822e-02        3.550649e-03        8.677574e-03
   1.150000e-01        1.523970e-02        4.759293e-03        1.048041e-02
   1.200000e-01        1.888351e-02        6.329715e-03        1.255379e-02
   1.250000e-01        2.326376e-02        8.352819e-03        1.491094e-02
   1.300000e-01        2.849483e-02        1.093677e-02        1.755806e-02
   1.350000e-01        3.470078e-02        1.420862e-02        2.049216e-02
   1.400000e-01        4.201432e-02        1.831564e-02        2.369868e-02
   1.450000e-01        5.057530e-02        2.342606e-02        2.714924e-02
   1.500000e-01        6.052858e-02        2.972922e-02        3.079936e-02
   1.550000e-01        7.202137e-02        3.743474e-02        3.458663e-02
   1.600000e-01        8.519990e-02        4.677062e-02        3.842928e-02
   1.650000e-01        1.002055e-01        5.798005e-02        4.222547e-02
   1.700000e-01        1.171701e-01        7.131668e-02        4.585345e-02
   1.750000e-01        1.362112e-01        8.703837e-02        4.917286e-02
   1.800000e-01        1.574264e-01        1.053992e-01        5.202716e-02
   1.850000e-01        1.808875e-01        1.266401e-01        5.424747e-02
   1.900000e-01        2.066352e-01        1.509774e-01        5.565777e-02
   1.950000e-01        2.346726e-01        1.785911e-01        5.608142e-02
   2.000000e-01        2.649602e-01        2.096114e-01        5.534880e-02
   2.050000e-01        2.974111e-01        2.441051e-01        5.330593e-02
   2.100000e-01        3.318866e-01        2.820630e-01        4.982368e-02
   2.150000e-01        3.681937e-01        3.233868e-01        4.480695e-02
   2.200000e-01        4.060831e-01        3.678794e-01        3.820363e-02
   2.250000e-01        4.452492e-01        4.152368e-01        3.001238e-02
   2.300000e-01        4.853322e-01        4.650432e-01        2.028898e-02
   2.350000e-01        5.259210e-01        5.167706e-01        9.150416e-03
   2.400000e-01        5.665592e-01        5.697828e-01       -3.223588e-03
   2.450000e-01        6.067522e-01        6.233443e-01       -1.659208e-02
   2.500000e-01        6.459762e-01        6.766338e-01       -3.065764e-02
   2.550000e-01        6.836890e-01        7.287633e-01       -4.507429e-02
   2.600000e-01        7.193421e-01        7.788008e-01       -5.945866e-02
   2.650000e-01        7.523934e-01        8.257970e-01       -7.340360e-02
   2.700000e-01        7.823210e-01        8.688151e-01       -8.649410e-02
   2.750000e-01        8.086363e-01        9.069606e-01       -9.832435e-02
   2.800000e-01        8.308977e-01        9.394131e-01       -1.085153e-01
   2.850000e-01        8.487228e-01        9.654546e-01       -1.167317e-01
   2.900000e-01        8.617989e-01        9.844964e-01       -1.226976e-01
   2.950000e-01        8.698923e-01        9.961014e-01       -1.262090e-01
   3.000000e-01        8.728557e-01        1.000000e+00       -1.271443e-01
   3.050000e-01        8.706318e-01        9.961014e-01       -1.254695e-01
   3.100000e-01        8.632560e-01        9.844964e-01       -1.212405e-01
   3.150000e-01        8.508546e-01        9.654546e-01       -1.145999e-01
   3.200000e-01        8.336422e-01        9.394131e-01       -1.057709e-01
   3.250000e-01        8.119145e-01        9.069606e-01       -9.504614e-02
   3.300000e-01        7.860406e-01        8.688151e-01       -8.277447e-02
   3.350000e-01        7.564522e-01        8.257970e-01       -6.934482e-02
   3.400000e-01        7.236318e-01        7.788008e-01       -5.516897e-02
   3.450000e-01        6.880994e-01        7.287633e-01       -4.066393e-02
   3.500000e-01        6.503990e-01        6.766338e-01       -2.623488e-02
   3.550000e-01        6.110847e-01        6.233443e-01       -1.225962e-02
   3.600000e-01        5.707075e-01        5.697828e-01        9.246940e-04
   3.650000e-01        5.298027e-01        5.167706e-01        1.303213e-02
   3.700000e-01        4.888784e-01        4.650432e-01        2.383525e-02
   3.750000e-01        4.484060e-01        4.152368e-01        3.316921e-02
   3.800000e-01        4.088120e-01        3.678794e-01        4.093255e-02
   3.850000e-01        3.704718e-01        3.233868e-01        4.708500e-02
   3.900000e-01        3.337057e-01        2.820630e-01        5.164279e-02
   3.950000e-01        2.987769e-01        2.441051e-01        5.467175e-02
   4.000000e-01        2.658905e-01        2.096114e-01        5.627911e-02
   4.050000e-01        2.351954e-01        1.785911e-01        5.660428e-02
   4.100000e-01        2.067868e-01        1.509774e-01        5.580938e-02
   4.150000e-01        1.807101e-01        1.266401e-01        5.407001e-02
   4.200000e-01        1.569659e-01        1.053992e-01        5.156667e-02
   4.250000e-01        1.355156e-01        8.703837e-02        4.847722e-02
   4.300000e-01        1.162872e-01        7.131668e-02        4.497052e-02
   4.350000e-01        9.918158e-02        5.798005e-02        4.120153e-02
   4.400000e-01        8.407836e-02        4.677062e-02        3.730774e-02
   4.450000e-01        7.084175e-02        3.743474e-02        3.340701e-02
   4.500000e-01        5.932583e-02        2.972922e-02        2.959661e-02
   4.550000e-01        4.937936e-02        2.342606e-02        2.595330e-02
   4.600000e-01        4.084999e-02        1.831564e-02        2.253436e-02
   4.650000e-01        3.358776e-02        1.420862e-02        1.937914e-02
   4.700000e-01        2.744798e-02        1.093677e-02        1.651121e-02
   4.750000e-01        2.229346e-02        8.352819e-03        1.394064e-02
   4.800000e-01        1.799617e-02        6.329715e-03        1.166646e-02
   4.850000e-01        1.443830e-02        4.759293e-03        9.679005e-03
   4.900000e-01        1.151285e-02        3.550649e-03        7.962198e-03
   4.950000e-01        9.123846e-03        2.628331e-03        6.495515e-03
   5.000000e-01        7.186201e-03        1.930454e-03        5.255747e-03
   5.050000e-01        5.625287e-03        1.406844e-03        4.218442e-03
   5.100000e-01        4.376344e-03        1.017278e-03        3.359066e-03
   5.150000e-01        3.383742e-03        7.298611e-04        2.653881e-03
   5.200000e-01        2.600159e-03        5.195747e-04        2.080585e-03
   5.250000e-01        1.985716e-03        3.669972e-04        1.618719e-03
   5.300000e-01        1.507115e-03        2.572081e-04        1.249907e-03
   5.350000e-01        1.136803e-03        1.788602e-04        9.579428e-04
   5.400000e-01        8.521803e-04        1.234098e-04        7.287705e-04
   5.450000e-01        6.348670e-04        8.448756e-05        5.503794e-04
   5.500000e-01        4.700420e-04        5.739089e-05        4.126511e-04
   5.550000e-01        3.458524e-04        3.868122e-05        3.071712e-04
   5.600000e-01        2.528965e-04        2.586810e-05        2.270284e-04
   5.650000e-01        1.837767e-04        1.716469e-05        1.666120e-04
   5.700000e-01        1.327184e-04        1.130094e-05        1.214175e-04
   5.750000e-01        9.524953e-05        7.382441e-06        8.786709e-05
   5.800000e-01        6.793331e-05        4.785117e-06        6.314820e-05
   5.850000e-01        4.814917e-05        3.077459e-06        4.507171e-05
   5.900000e-01        3.391396e-05        1.963808e-06        3.195015e-05
   5.950000e-01        2.373829e-05        1.243406e-06        2.249489e-05
   6.000000e-01        1.651199e-05        7.811489e-07        1.573084e-05
   6.050000e-01        1.141368e-05        4.869247e-07        1.092676e-05
   6.100000e-01        7.840186e-06        3.011597e-07        7.539026e-06
   6.150000e-01        5.351785e-06        1.848158e-07        5.166970e-06
   6.200000e-01        3.630282e-06        1.125352e-07        3.517747e-06
   6.250000e-01        2.447086e-06        6.798993e-08        2.379096e-06
   6.300000e-01        1.639164e-06        4.075754e-08        1.598407e-06
   6.350000e-01        1.091084e-06        2.424256e-08        1.066841e-06
   6.400000e-01        7.216948e-07        1.430724e-08        7.073875e-07
   6.450000e-01        4.743583e-07        8.378003e-09        4.659803e-07
   6.500000e-01        3.098236e-07        4.867794e-09        3.049558e-07
   6.550000e-01        2.010829e-07        2.806280e-09        1.982766e-07
   6.600000e-01        1.296839e-07        1.605228e-09        1.280787e-07
   6.650000e-01        8.310843e-08        9.110656e-10        8.219736e-08
   6.700000e-01        5.292362e-08        5.130617e-10        5.241055e-08
   6.750000e-01        3.348861e-08        2.866795e-10        3.320193e-08
   6.800000e-01        2.105646e-08        1.589391e-10        2.089753e-08
   6.850000e-01        1.315565e-08        8.743231e-11        1.306821e-08
   6.900000e-01        8.167232e-09        4.772217e-11        8.119509e-09
   6.950000e-01        5.038151e-09        2.584494e-11        5.012306e-09
   7.000000e-01        3.088152e-09        1.388794e-11        3.074264e-09
   7.050000e-01        1.880854e-09        7.404699e-12        1.873449e-09
   7.100000e-01        1.138250e-09        3.917274e-12        1.134333e-09
   7.150000e-01        6.844544e-10        2.056211e-12        6.823982e-10
   7.200000e-01        4.089526e-10        1.070923e-12        4.078817e-10
   7.250000e-01        2.427844e-10        5.534216e-13        2.422310e-10
   7.300000e-01        1.432140e-10        2.837664e-13        1.429302e-10
   7.350000e-01        8.393914e-11        1.443687e-13        8.379477e-11
   7.400000e-01        4.888276e-11        7.287724e-14        4.880989e-11
   7.450000e-01        2.828504e-11        3.650211e-14        2.824853e-11
   7.500000e-01        1.626167e-11        1.814058e-14        1.624353e-11
   7.550000e-01        9.289203e-12        8.945227e-15        9.280258e-12
   7.600000e-01        5.272233e-12        4.376619e-15        5.267856e-12
   7.650000e-01        2.973114e-12        2.124678e-15        2.970989e-12
   7.700000e-01        1.665826e-12        1.023421e-15        1.664802e-12
   7.750000e-01        9.273796e-13        4.891286e-16        9.268905e-13
   7.800000e-01        5.130309e-13        2.319523e-16        5.127990e-13
   7.850000e-01        2.821690e-13        1.091393e-16        2.820599e-13
   7.900000e-01        1.546446e-13        5.095315e-17        1.545936e-13
   7.950000e-01        8.527686e-14        2.360304e-17        8.525326e-14
   8.000000e-01        4.920752e-14        1.084855e-17        4.919667e-14
   8.050000e-01        3.382387e-14        4.947465e-18        3.381893e-14
   8.100000e-01        3.492888e-14        2.238725e-18        3.492664e-14
   8.150000e-01        5.622203e-14        1.005139e-18        5.622103e-14
   8.200000e-01        1.123933e-13        4.477732e-19        1.123928e-13
   8.250000e-01        2.376436e-13        1.979235e-19        2.376434e-13
   8.300000e-01        5.037758e-13        8.680480e-20        5.037757e-13
   8.350000e-01        1.055972e-12        3.777437e-20        1.055972e-12
   8.400000e-01        2.181313e-12        1.631014e-20        2.181313e-12
   8.450000e-01        4.437136e-12        6.987555e-21        4.437136e-12
   8.500000e-01        8.886926e-12        2.970297e-21        8.886926e-12
   8.550000e-01        1.752590e-11        1.252800e-21        1.752590e-11
   8.600000e-01        3.403516e-11        5.242886e-22        3.403516e-11
   8.650000e-01        6.509434e-11        2.177039e-22        6.509434e-11
   8.700000e-01        1.226266e-10        8.969520e-23        1.226266e-10
   8.750000e-01        2.275724e-10        3.666732e-23        2.275724e-10
   8.800000e-01        4.161249e-10        1.487292e-23        4.161249e-10
   8.850000e-01        7.498656e-10        5.985776e-24        7.498656e-10
   8.900000e-01        1.331973e-09        2.390296e-24        1.331973e-09
   8.950000e-01        2.332750e-09        9.470873e-25        2.332750e-09
   9.000000e-01        4.029221e-09        3.723363e-25        4.029221e-09
   9.050000e-01        6.865726e-09        1.452405e-25        6.865726e-09
   9.100000e-01        1.154539e-08        5.621438e-26        1.154539e-08
   9.150000e-01        1.916655e-08        2.158808e-26        1.916655e-08
   9.200000e-01        3.142396e-08        8.225981e-27        3.142396e-08
   9.250000e-01        5.090246e-08        3.110058e-27        5.090246e-08
   9.300000e-01        8.150170e-08        1.166692e-27        8.150170e-08
   9.350000e-01        1.290452e-07        4.342613e-28        1.290452e-07
   9.400000e-01        2.021471e-07        1.603811e-28        2.021471e-07
   9.450000e-01        3.134374e-07        5.877088e-29        3.134374e-07
   9.500000e-01        4.812815e-07        2.136871e-29        4.812815e-07
   9.550000e-01        7.321794e-07        7.709062e-30        7.321794e-07
   9.600000e-01        1.104093e-06        2.759509e-30        1.104093e-06
   9.650000e-01        1.651026e-06        9.800973e-31        1.651026e-06
   9.700000e-01        2.449299e-06        3.453931e-31        2.449299e-06
   9.750000e-01        3.606070e-06        1.207717e-31        3.606070e-06
   9.800000e-01        5.270841e-06        4.190093e-32        5.270841e-06
   9.850000e-01        7.650871e-06        1.442412e-32        7.650871e-06
   9.900000e-01        1.103166e-05        4.926767e-33        1.103166e-05
   9.950000e-01        1.580399e-05        1.669713e-33        1.580399e-05
